0.120000 30.000000 0.000000 2.250000 0.070000 0.004922 
0.120000 30.000000 0.000000 2.250000 0.070000 0.000182 
0.120000 30.000000 0.000000 2.250000 0.070000 0.000199 
0.120000 30.000000 0.000000 2.250000 0.070000 0.000189 
0.120000 30.000000 0.000000 2.250000 0.070000 0.000208 
0.120000 30.000000 0.000000 2.250000 0.110000 0.000156 
0.120000 30.000000 0.000000 2.250000 0.110000 0.003923 
0.120000 30.000000 0.000000 2.250000 0.110000 0.007679 
0.120000 30.000000 0.000000 2.250000 0.110000 0.004899 
0.120000 30.000000 0.000000 2.250000 0.110000 0.007370 
0.120000 30.000000 0.000000 2.250000 0.145000 0.052165 
0.120000 30.000000 0.000000 2.250000 0.145000 0.024616 
0.120000 30.000000 0.000000 2.250000 0.145000 0.050937 
0.120000 30.000000 0.000000 2.250000 0.145000 0.118848 
0.120000 30.000000 0.000000 2.250000 0.145000 0.058890 
0.120000 30.000000 0.000000 2.500000 0.070000 0.005791 
0.120000 30.000000 0.000000 2.500000 0.070000 0.000202 
0.120000 30.000000 0.000000 2.500000 0.070000 0.000153 
0.120000 30.000000 0.000000 2.500000 0.070000 0.000186 
0.120000 30.000000 0.000000 2.500000 0.070000 0.002484 
0.120000 30.000000 0.000000 2.500000 0.110000 0.125094 
0.120000 30.000000 0.000000 2.500000 0.110000 0.022803 
0.120000 30.000000 0.000000 2.500000 0.110000 0.032318 
0.120000 30.000000 0.000000 2.500000 0.110000 0.022741 
0.120000 30.000000 0.000000 2.500000 0.110000 0.046025 
0.120000 30.000000 0.000000 2.500000 0.145000 0.066328 
0.120000 30.000000 0.000000 2.500000 0.145000 0.123626 
0.120000 30.000000 0.000000 2.500000 0.145000 0.147998 
0.120000 30.000000 0.000000 2.500000 0.145000 0.117555 
0.120000 30.000000 0.000000 2.500000 0.145000 0.068883 
0.120000 30.000000 0.000000 2.750000 0.070000 0.018226 
0.120000 30.000000 0.000000 2.750000 0.070000 0.000501 
0.120000 30.000000 0.000000 2.750000 0.070000 0.000648 
0.120000 30.000000 0.000000 2.750000 0.070000 0.018685 
0.120000 30.000000 0.000000 2.750000 0.070000 0.003079 
0.120000 30.000000 0.000000 2.750000 0.110000 0.016270 
0.120000 30.000000 0.000000 2.750000 0.110000 0.025316 
0.120000 30.000000 0.000000 2.750000 0.110000 0.071735 
0.120000 30.000000 0.000000 2.750000 0.110000 0.111475 
0.120000 30.000000 0.000000 2.750000 0.110000 0.021605 
0.120000 30.000000 0.000000 2.750000 0.145000 0.026898 
0.120000 30.000000 0.000000 2.750000 0.145000 0.142500 
0.120000 30.000000 0.000000 2.750000 0.145000 0.082728 
0.120000 30.000000 0.000000 2.750000 0.145000 0.062305 
0.120000 30.000000 0.000000 2.750000 0.145000 0.160771 
0.120000 30.000000 90.000000 2.250000 0.070000 0.026602 
0.120000 30.000000 90.000000 2.250000 0.070000 0.018490 
0.120000 30.000000 90.000000 2.250000 0.070000 0.000173 
0.120000 30.000000 90.000000 2.250000 0.070000 0.003203 
0.120000 30.000000 90.000000 2.250000 0.070000 0.004521 
0.120000 30.000000 90.000000 2.250000 0.110000 0.057057 
0.120000 30.000000 90.000000 2.250000 0.110000 0.029492 
0.120000 30.000000 90.000000 2.250000 0.110000 0.051445 
0.120000 30.000000 90.000000 2.250000 0.110000 0.031901 
0.120000 30.000000 90.000000 2.250000 0.110000 0.082197 
0.120000 30.000000 90.000000 2.250000 0.145000 0.052266 
0.120000 30.000000 90.000000 2.250000 0.145000 0.117135 
0.120000 30.000000 90.000000 2.250000 0.145000 0.076299 
0.120000 30.000000 90.000000 2.250000 0.145000 0.005218 
0.120000 30.000000 90.000000 2.250000 0.145000 0.003291 
0.120000 30.000000 90.000000 2.500000 0.070000 0.002988 
0.120000 30.000000 90.000000 2.500000 0.070000 0.000000 
0.120000 30.000000 90.000000 2.500000 0.070000 0.001204 
0.120000 30.000000 90.000000 2.500000 0.070000 0.007015 
0.120000 30.000000 90.000000 2.500000 0.070000 0.000000 
0.120000 30.000000 90.000000 2.500000 0.110000 0.030202 
0.120000 30.000000 90.000000 2.500000 0.110000 0.056820 
0.120000 30.000000 90.000000 2.500000 0.110000 0.021299 
0.120000 30.000000 90.000000 2.500000 0.110000 0.144928 
0.120000 30.000000 90.000000 2.500000 0.110000 0.021055 
0.120000 30.000000 90.000000 2.500000 0.145000 0.050218 
0.120000 30.000000 90.000000 2.500000 0.145000 0.015345 
0.120000 30.000000 90.000000 2.500000 0.145000 0.013861 
0.120000 30.000000 90.000000 2.500000 0.145000 0.129238 
0.120000 30.000000 90.000000 2.500000 0.145000 0.053464 
0.120000 30.000000 90.000000 2.750000 0.070000 0.008916 
0.120000 30.000000 90.000000 2.750000 0.070000 0.000811 
0.120000 30.000000 90.000000 2.750000 0.070000 0.000000 
0.120000 30.000000 90.000000 2.750000 0.070000 0.023187 
0.120000 30.000000 90.000000 2.750000 0.070000 0.009834 
0.120000 30.000000 90.000000 2.750000 0.110000 0.024069 
0.120000 30.000000 90.000000 2.750000 0.110000 0.022822 
0.120000 30.000000 90.000000 2.750000 0.110000 0.092035 
0.120000 30.000000 90.000000 2.750000 0.110000 0.037321 
0.120000 30.000000 90.000000 2.750000 0.110000 0.005970 
0.120000 30.000000 90.000000 2.750000 0.145000 0.015365 
0.120000 30.000000 90.000000 2.750000 0.145000 0.033213 
0.120000 30.000000 90.000000 2.750000 0.145000 0.039395 
0.120000 30.000000 90.000000 2.750000 0.145000 0.059212 
0.120000 30.000000 90.000000 2.750000 0.145000 0.117223 
0.120000 45.000000 0.000000 2.250000 0.070000 0.020853 
0.120000 45.000000 0.000000 2.250000 0.070000 0.111260 
0.120000 45.000000 0.000000 2.250000 0.070000 0.067298 
0.120000 45.000000 0.000000 2.250000 0.070000 0.069531 
0.120000 45.000000 0.000000 2.250000 0.070000 0.055602 
0.120000 45.000000 0.000000 2.250000 0.110000 0.061452 
0.120000 45.000000 0.000000 2.250000 0.110000 0.078268 
0.120000 45.000000 0.000000 2.250000 0.110000 0.013665 
0.120000 45.000000 0.000000 2.250000 0.110000 0.116283 
0.120000 45.000000 0.000000 2.250000 0.110000 0.003405 
0.120000 45.000000 0.000000 2.250000 0.145000 0.083740 
0.120000 45.000000 0.000000 2.250000 0.145000 0.113213 
0.120000 45.000000 0.000000 2.250000 0.145000 0.103997 
0.120000 45.000000 0.000000 2.250000 0.145000 0.115742 
0.120000 45.000000 0.000000 2.250000 0.145000 0.075007 
0.120000 45.000000 0.000000 2.500000 0.070000 0.047721 
0.120000 45.000000 0.000000 2.500000 0.070000 0.020609 
0.120000 45.000000 0.000000 2.500000 0.070000 0.102607 
0.120000 45.000000 0.000000 2.500000 0.070000 0.092181 
0.120000 45.000000 0.000000 2.500000 0.070000 0.022227 
0.120000 45.000000 0.000000 2.500000 0.110000 0.013275 
0.120000 45.000000 0.000000 2.500000 0.110000 0.051182 
0.120000 45.000000 0.000000 2.500000 0.110000 0.085371 
0.120000 45.000000 0.000000 2.500000 0.110000 0.132197 
0.120000 45.000000 0.000000 2.500000 0.110000 0.042090 
0.120000 45.000000 0.000000 2.500000 0.145000 0.136982 
0.120000 45.000000 0.000000 2.500000 0.145000 0.096611 
0.120000 45.000000 0.000000 2.500000 0.145000 0.069108 
0.120000 45.000000 0.000000 2.500000 0.145000 0.143363 
0.120000 45.000000 0.000000 2.500000 0.145000 0.111940 
0.120000 45.000000 0.000000 2.750000 0.070000 0.014535 
0.120000 45.000000 0.000000 2.750000 0.070000 0.060140 
0.120000 45.000000 0.000000 2.750000 0.070000 0.036709 
0.120000 45.000000 0.000000 2.750000 0.070000 0.133555 
0.120000 45.000000 0.000000 2.750000 0.070000 0.090638 
0.120000 45.000000 0.000000 2.750000 0.110000 0.121497 
0.120000 45.000000 0.000000 2.750000 0.110000 0.100000 
0.120000 45.000000 0.000000 2.750000 0.110000 0.064173 
0.120000 45.000000 0.000000 2.750000 0.110000 0.024180 
0.120000 45.000000 0.000000 2.750000 0.110000 0.098542 
0.120000 45.000000 0.000000 2.750000 0.145000 0.181725 
0.120000 45.000000 0.000000 2.750000 0.145000 0.118008 
0.120000 45.000000 0.000000 2.750000 0.145000 0.175378 
0.120000 45.000000 0.000000 2.750000 0.145000 0.093994 
0.120000 45.000000 0.000000 2.750000 0.145000 0.150179 
0.120000 45.000000 90.000000 2.250000 0.070000 0.065273 
0.120000 45.000000 90.000000 2.250000 0.070000 0.034382 
0.120000 45.000000 90.000000 2.250000 0.070000 0.077409 
0.120000 45.000000 90.000000 2.250000 0.070000 0.113952 
0.120000 45.000000 90.000000 2.250000 0.070000 0.062777 
0.120000 45.000000 90.000000 2.250000 0.110000 0.143314 
0.120000 45.000000 90.000000 2.250000 0.110000 0.070618 
0.120000 45.000000 90.000000 2.250000 0.110000 0.098597 
0.120000 45.000000 90.000000 2.250000 0.110000 0.032210 
0.120000 45.000000 90.000000 2.250000 0.110000 0.123685 
0.120000 45.000000 90.000000 2.250000 0.145000 0.089170 
0.120000 45.000000 90.000000 2.250000 0.145000 0.140768 
0.120000 45.000000 90.000000 2.250000 0.145000 0.143669 
0.120000 45.000000 90.000000 2.250000 0.145000 0.028187 
0.120000 45.000000 90.000000 2.250000 0.145000 0.036361 
0.120000 45.000000 90.000000 2.500000 0.070000 0.029538 
0.120000 45.000000 90.000000 2.500000 0.070000 0.081722 
0.120000 45.000000 90.000000 2.500000 0.070000 0.055771 
0.120000 45.000000 90.000000 2.500000 0.070000 0.105374 
0.120000 45.000000 90.000000 2.500000 0.070000 0.035065 
0.120000 45.000000 90.000000 2.500000 0.110000 0.062018 
0.120000 45.000000 90.000000 2.500000 0.110000 0.110967 
0.120000 45.000000 90.000000 2.500000 0.110000 0.031449 
0.120000 45.000000 90.000000 2.500000 0.110000 0.027487 
0.120000 45.000000 90.000000 2.500000 0.110000 0.037708 
0.120000 45.000000 90.000000 2.500000 0.145000 0.022083 
0.120000 45.000000 90.000000 2.500000 0.145000 0.119219 
0.120000 45.000000 90.000000 2.500000 0.145000 0.067041 
0.120000 45.000000 90.000000 2.500000 0.145000 0.124850 
0.120000 45.000000 90.000000 2.500000 0.145000 0.177015 
0.120000 45.000000 90.000000 2.750000 0.070000 0.089818 
0.120000 45.000000 90.000000 2.750000 0.070000 0.086953 
0.120000 45.000000 90.000000 2.750000 0.070000 0.008564 
0.120000 45.000000 90.000000 2.750000 0.070000 0.015983 
0.120000 45.000000 90.000000 2.750000 0.070000 0.000000 
0.120000 45.000000 90.000000 2.750000 0.110000 0.113044 
0.120000 45.000000 90.000000 2.750000 0.110000 0.017074 
0.120000 45.000000 90.000000 2.750000 0.110000 0.022930 
0.120000 45.000000 90.000000 2.750000 0.110000 0.094899 
0.120000 45.000000 90.000000 2.750000 0.110000 0.077637 
0.120000 45.000000 90.000000 2.750000 0.145000 0.099707 
0.120000 45.000000 90.000000 2.750000 0.145000 0.107376 
0.120000 45.000000 90.000000 2.750000 0.145000 0.013278 
0.120000 45.000000 90.000000 2.750000 0.145000 0.118001 
0.120000 45.000000 90.000000 2.750000 0.145000 0.031243 
0.120000 60.000000 0.000000 2.250000 0.070000 0.037546 
0.120000 60.000000 0.000000 2.250000 0.070000 0.085104 
0.120000 60.000000 0.000000 2.250000 0.070000 0.146823 
0.120000 60.000000 0.000000 2.250000 0.070000 0.157842 
0.120000 60.000000 0.000000 2.250000 0.070000 0.163298 
0.120000 60.000000 0.000000 2.250000 0.110000 0.174678 
0.120000 60.000000 0.000000 2.250000 0.110000 0.184837 
0.120000 60.000000 0.000000 2.250000 0.110000 0.201055 
0.120000 60.000000 0.000000 2.250000 0.110000 0.206208 
0.120000 60.000000 0.000000 2.250000 0.110000 0.150436 
0.120000 60.000000 0.000000 2.250000 0.145000 0.229183 
0.120000 60.000000 0.000000 2.250000 0.145000 0.109320 
0.120000 60.000000 0.000000 2.250000 0.145000 0.204482 
0.120000 60.000000 0.000000 2.250000 0.145000 0.150186 
0.120000 60.000000 0.000000 2.250000 0.145000 0.195244 
0.120000 60.000000 0.000000 2.500000 0.070000 0.115332 
0.120000 60.000000 0.000000 2.500000 0.070000 0.178298 
0.120000 60.000000 0.000000 2.500000 0.070000 0.120713 
0.120000 60.000000 0.000000 2.500000 0.070000 0.063724 
0.120000 60.000000 0.000000 2.500000 0.070000 0.092826 
0.120000 60.000000 0.000000 2.500000 0.110000 0.170817 
0.120000 60.000000 0.000000 2.500000 0.110000 0.101309 
0.120000 60.000000 0.000000 2.500000 0.110000 0.078320 
0.120000 60.000000 0.000000 2.500000 0.110000 0.115947 
0.120000 60.000000 0.000000 2.500000 0.110000 0.016589 
0.120000 60.000000 0.000000 2.500000 0.145000 0.062526 
0.120000 60.000000 0.000000 2.500000 0.145000 0.104212 
0.120000 60.000000 0.000000 2.500000 0.145000 0.165459 
0.120000 60.000000 0.000000 2.500000 0.145000 0.194528 
0.120000 60.000000 0.000000 2.500000 0.145000 0.153512 
0.120000 60.000000 0.000000 2.750000 0.070000 0.066107 
0.120000 60.000000 0.000000 2.750000 0.070000 0.061654 
0.120000 60.000000 0.000000 2.750000 0.070000 0.034785 
0.120000 60.000000 0.000000 2.750000 0.070000 0.154756 
0.120000 60.000000 0.000000 2.750000 0.070000 0.111510 
0.120000 60.000000 0.000000 2.750000 0.110000 0.105186 
0.120000 60.000000 0.000000 2.750000 0.110000 0.122054 
0.120000 60.000000 0.000000 2.750000 0.110000 0.155824 
0.120000 60.000000 0.000000 2.750000 0.110000 0.120335 
0.120000 60.000000 0.000000 2.750000 0.110000 0.134870 
0.120000 60.000000 0.000000 2.750000 0.145000 0.204655 
0.120000 60.000000 0.000000 2.750000 0.145000 0.088242 
0.120000 60.000000 0.000000 2.750000 0.145000 0.087419 
0.120000 60.000000 0.000000 2.750000 0.145000 0.087048 
