10.000000 0.000000
20.000000 0.000000
30.000000 0.000000
40.000000 0.003018
50.000000 0.011813
60.000000 0.046211
70.000000 0.087435
80.000000 0.098011
90.000000 0.120911
10.000000 0.000000
20.000000 0.000000
30.000000 0.000000
40.000000 0.000000
50.000000 0.023389
60.000000 0.081370
70.000000 0.111136
80.000000 0.117633
90.000000 0.140820
10.000000 0.000176
20.000000 0.000137
30.000000 0.000120
40.000000 0.007041
50.000000 0.057038
60.000000 0.100316
70.000000 0.111126
80.000000 0.134307
90.000000 0.162458
10.000000 0.000000
20.000000 0.000000
30.000000 0.000000
40.000000 0.000000
50.000000 0.009707
60.000000 0.019434
70.000000 0.037028
80.000000 0.083590
90.000000 0.114443
10.000000 0.000000
20.000000 0.000000
30.000000 0.003760
40.000000 0.009674
50.000000 0.025130
60.000000 0.067822
70.000000 0.145521
80.000000 0.156087
90.000000 0.160182
