0.120000 40.000000 0.000000 2.750000 0.090000 0.004281 
0.120000 40.000000 0.000000 2.750000 0.090000 0.026276 
0.120000 40.000000 0.000000 2.750000 0.090000 0.028558 
0.120000 40.000000 0.000000 2.750000 0.090000 0.100335 
0.120000 40.000000 0.000000 2.750000 0.090000 0.100068 
0.120000 40.000000 0.000000 2.750000 0.090000 0.101335 
0.120000 40.000000 0.000000 2.750000 0.090000 0.101162 
0.120000 40.000000 0.000000 2.750000 0.090000 0.101185 
0.120000 40.000000 0.000000 2.750000 0.090000 0.101198 
0.120000 40.000000 0.000000 2.750000 0.090000 0.100843 
0.120000 40.000000 0.000000 2.750000 0.150000 0.101211 
0.120000 40.000000 0.000000 2.750000 0.150000 0.117288 
0.120000 40.000000 0.000000 2.750000 0.150000 0.119531 
0.120000 40.000000 0.000000 2.750000 0.150000 0.118841 
0.120000 40.000000 0.000000 2.750000 0.150000 0.119049 
0.120000 40.000000 0.000000 2.750000 0.150000 0.119372 
0.120000 40.000000 0.000000 2.750000 0.150000 0.119323 
0.120000 40.000000 0.000000 2.750000 0.150000 0.119118 
0.120000 40.000000 0.000000 2.750000 0.150000 0.119173 
0.120000 40.000000 0.000000 2.750000 0.150000 0.119362 
