0.120000 30.000000 0.000000 2.250000 0.070000 0.003623 
0.120000 30.000000 0.000000 2.250000 0.070000 0.000000 
0.120000 30.000000 0.000000 2.250000 0.070000 0.000000 
0.120000 30.000000 0.000000 2.250000 0.070000 0.006859 
0.120000 30.000000 0.000000 2.250000 0.070000 0.000000 
0.120000 30.000000 0.000000 2.250000 0.110000 0.000000 
0.120000 30.000000 0.000000 2.250000 0.110000 0.000000 
0.120000 30.000000 0.000000 2.250000 0.110000 0.000000 
0.120000 30.000000 0.000000 2.250000 0.110000 0.000000 
0.120000 30.000000 0.000000 2.250000 0.110000 0.000000 
0.120000 30.000000 0.000000 2.250000 0.145000 0.013402 
0.120000 30.000000 0.000000 2.250000 0.145000 0.007148 
0.120000 30.000000 0.000000 2.250000 0.145000 0.011803 
0.120000 30.000000 0.000000 2.250000 0.145000 0.013490 
0.120000 30.000000 0.000000 2.250000 0.145000 0.007497 
0.120000 30.000000 0.000000 2.500000 0.070000 0.000000 
0.120000 30.000000 0.000000 2.500000 0.070000 0.000000 
0.120000 30.000000 0.000000 2.500000 0.070000 0.000000 
0.120000 30.000000 0.000000 2.500000 0.070000 0.000000 
0.120000 30.000000 0.000000 2.500000 0.070000 0.000000 
0.120000 30.000000 0.000000 2.500000 0.110000 0.000000 
0.120000 30.000000 0.000000 2.500000 0.110000 0.000000 
0.120000 30.000000 0.000000 2.500000 0.110000 0.000000 
0.120000 30.000000 0.000000 2.500000 0.110000 0.000000 
0.120000 30.000000 0.000000 2.500000 0.110000 0.000000 
0.120000 30.000000 0.000000 2.500000 0.145000 0.000000 
0.120000 30.000000 0.000000 2.500000 0.145000 0.000000 
0.120000 30.000000 0.000000 2.500000 0.145000 0.000000 
0.120000 30.000000 0.000000 2.500000 0.145000 0.000000 
0.120000 30.000000 0.000000 2.500000 0.145000 0.000000 
0.120000 30.000000 0.000000 2.750000 0.070000 0.000000 
0.120000 30.000000 0.000000 2.750000 0.070000 0.000000 
0.120000 30.000000 0.000000 2.750000 0.070000 0.000000 
0.120000 30.000000 0.000000 2.750000 0.070000 0.000000 
0.120000 30.000000 0.000000 2.750000 0.070000 0.000000 
0.120000 30.000000 0.000000 2.750000 0.110000 0.000000 
0.120000 30.000000 0.000000 2.750000 0.110000 0.000000 
0.120000 30.000000 0.000000 2.750000 0.110000 0.000000 
0.120000 30.000000 0.000000 2.750000 0.110000 0.000000 
0.120000 30.000000 0.000000 2.750000 0.110000 0.000000 
0.120000 30.000000 0.000000 2.750000 0.145000 0.000000 
0.120000 30.000000 0.000000 2.750000 0.145000 0.000000 
0.120000 30.000000 0.000000 2.750000 0.145000 0.000000 
0.120000 30.000000 0.000000 2.750000 0.145000 0.000000 
0.120000 30.000000 0.000000 2.750000 0.145000 0.000000 
0.120000 30.000000 90.000000 2.250000 0.070000 0.000000 
0.120000 30.000000 90.000000 2.250000 0.070000 0.000000 
0.120000 30.000000 90.000000 2.250000 0.070000 0.000000 
0.120000 30.000000 90.000000 2.250000 0.070000 0.000000 
0.120000 30.000000 90.000000 2.250000 0.070000 0.000000 
0.120000 30.000000 90.000000 2.250000 0.110000 0.000000 
0.120000 30.000000 90.000000 2.250000 0.110000 0.000000 
0.120000 30.000000 90.000000 2.250000 0.110000 0.000000 
0.120000 30.000000 90.000000 2.250000 0.110000 0.000000 
0.120000 30.000000 90.000000 2.250000 0.110000 0.000000 
0.120000 30.000000 90.000000 2.250000 0.145000 0.000000 
0.120000 30.000000 90.000000 2.250000 0.145000 0.000000 
0.120000 30.000000 90.000000 2.250000 0.145000 0.000000 
0.120000 30.000000 90.000000 2.250000 0.145000 0.000000 
0.120000 30.000000 90.000000 2.250000 0.145000 0.000000 
0.120000 30.000000 90.000000 2.500000 0.070000 0.000000 
0.120000 30.000000 90.000000 2.500000 0.070000 0.000000 
0.120000 30.000000 90.000000 2.500000 0.070000 0.000000 
0.120000 30.000000 90.000000 2.500000 0.070000 0.000000 
0.120000 30.000000 90.000000 2.500000 0.070000 0.000000 
0.120000 30.000000 90.000000 2.500000 0.110000 0.000000 
0.120000 30.000000 90.000000 2.500000 0.110000 0.000000 
0.120000 30.000000 90.000000 2.500000 0.110000 0.000000 
0.120000 30.000000 90.000000 2.500000 0.110000 0.000000 
0.120000 30.000000 90.000000 2.500000 0.110000 0.000000 
0.120000 30.000000 90.000000 2.500000 0.145000 0.000000 
0.120000 30.000000 90.000000 2.500000 0.145000 0.000000 
0.120000 30.000000 90.000000 2.500000 0.145000 0.000000 
0.120000 30.000000 90.000000 2.500000 0.145000 0.000000 
0.120000 30.000000 90.000000 2.500000 0.145000 0.000000 
0.120000 30.000000 90.000000 2.750000 0.070000 0.000000 
0.120000 30.000000 90.000000 2.750000 0.070000 0.000000 
0.120000 30.000000 90.000000 2.750000 0.070000 0.000000 
0.120000 30.000000 90.000000 2.750000 0.070000 0.000000 
0.120000 30.000000 90.000000 2.750000 0.070000 0.000000 
0.120000 30.000000 90.000000 2.750000 0.110000 0.000000 
0.120000 30.000000 90.000000 2.750000 0.110000 0.000000 
0.120000 30.000000 90.000000 2.750000 0.110000 0.000000 
0.120000 30.000000 90.000000 2.750000 0.110000 0.000000 
0.120000 30.000000 90.000000 2.750000 0.110000 0.000000 
0.120000 30.000000 90.000000 2.750000 0.145000 0.000000 
0.120000 30.000000 90.000000 2.750000 0.145000 0.000000 
0.120000 30.000000 90.000000 2.750000 0.145000 0.000000 
0.120000 30.000000 90.000000 2.750000 0.145000 0.000000 
0.120000 30.000000 90.000000 2.750000 0.145000 0.000000 
0.120000 40.000000 0.000000 2.250000 0.070000 0.000000 
0.120000 40.000000 0.000000 2.250000 0.070000 0.000000 
0.120000 40.000000 0.000000 2.250000 0.070000 0.000000 
0.120000 40.000000 0.000000 2.250000 0.070000 0.000000 
0.120000 40.000000 0.000000 2.250000 0.070000 0.000000 
0.120000 40.000000 0.000000 2.250000 0.110000 0.000000 
0.120000 40.000000 0.000000 2.250000 0.110000 0.000000 
0.120000 40.000000 0.000000 2.250000 0.110000 0.000000 
0.120000 40.000000 0.000000 2.250000 0.110000 0.000000 
0.120000 40.000000 0.000000 2.250000 0.110000 0.000000 
0.120000 40.000000 0.000000 2.250000 0.145000 0.000000 
0.120000 40.000000 0.000000 2.250000 0.145000 0.000000 
0.120000 40.000000 0.000000 2.250000 0.145000 0.003747 
0.120000 40.000000 0.000000 2.250000 0.145000 0.009701 
0.120000 40.000000 0.000000 2.250000 0.145000 0.000000 
0.120000 40.000000 0.000000 2.500000 0.070000 0.000000 
0.120000 40.000000 0.000000 2.500000 0.070000 0.000000 
0.120000 40.000000 0.000000 2.500000 0.070000 0.008512 
0.120000 40.000000 0.000000 2.500000 0.070000 0.013112 
0.120000 40.000000 0.000000 2.500000 0.070000 0.008265 
0.120000 40.000000 0.000000 2.500000 0.110000 0.019502 
0.120000 40.000000 0.000000 2.500000 0.110000 0.044473 
0.120000 40.000000 0.000000 2.500000 0.110000 0.025915 
0.120000 40.000000 0.000000 2.500000 0.110000 0.007539 
0.120000 40.000000 0.000000 2.500000 0.110000 0.005319 
0.120000 40.000000 0.000000 2.500000 0.145000 0.033281 
0.120000 40.000000 0.000000 2.500000 0.145000 0.029310 
0.120000 40.000000 0.000000 2.500000 0.145000 0.000000 
0.120000 40.000000 0.000000 2.500000 0.145000 0.000000 
0.120000 40.000000 0.000000 2.500000 0.145000 0.024984 
0.120000 40.000000 0.000000 2.750000 0.070000 0.018473 
0.120000 40.000000 0.000000 2.750000 0.070000 0.039128 
0.120000 40.000000 0.000000 2.750000 0.070000 0.039085 
0.120000 40.000000 0.000000 2.750000 0.070000 0.044359 
0.120000 40.000000 0.000000 2.750000 0.070000 0.000000 
0.120000 40.000000 0.000000 2.750000 0.110000 0.000000 
0.120000 40.000000 0.000000 2.750000 0.110000 0.002210 
0.120000 40.000000 0.000000 2.750000 0.110000 0.007422 
0.120000 40.000000 0.000000 2.750000 0.110000 0.011735 
0.120000 40.000000 0.000000 2.750000 0.110000 0.013314 
0.120000 40.000000 0.000000 2.750000 0.145000 0.000000 
0.120000 40.000000 0.000000 2.750000 0.145000 0.056146 
0.120000 40.000000 0.000000 2.750000 0.145000 0.056214 
0.120000 40.000000 0.000000 2.750000 0.145000 0.051364 
0.120000 40.000000 0.000000 2.750000 0.145000 0.044876 
0.120000 40.000000 90.000000 2.250000 0.070000 0.007184 
0.120000 40.000000 90.000000 2.250000 0.070000 0.004313 
0.120000 40.000000 90.000000 2.250000 0.070000 0.010114 
0.120000 40.000000 90.000000 2.250000 0.070000 0.000000 
0.120000 40.000000 90.000000 2.250000 0.070000 0.000000 
0.120000 40.000000 90.000000 2.250000 0.110000 0.013815 
0.120000 40.000000 90.000000 2.250000 0.110000 0.010632 
0.120000 40.000000 90.000000 2.250000 0.110000 0.000000 
0.120000 40.000000 90.000000 2.250000 0.110000 0.000000 
0.120000 40.000000 90.000000 2.250000 0.110000 0.000000 
0.120000 40.000000 90.000000 2.250000 0.145000 0.000000 
0.120000 40.000000 90.000000 2.250000 0.145000 0.000000 
0.120000 40.000000 90.000000 2.250000 0.145000 0.011270 
0.120000 40.000000 90.000000 2.250000 0.145000 0.000179 
0.120000 40.000000 90.000000 2.250000 0.145000 0.000355 
0.120000 40.000000 90.000000 2.500000 0.070000 0.000342 
0.120000 40.000000 90.000000 2.500000 0.070000 0.000195 
0.120000 40.000000 90.000000 2.500000 0.070000 0.000339 
0.120000 40.000000 90.000000 2.500000 0.070000 0.000404 
0.120000 40.000000 90.000000 2.500000 0.070000 0.000179 
0.120000 40.000000 90.000000 2.500000 0.110000 0.000342 
0.120000 40.000000 90.000000 2.500000 0.110000 0.000404 
0.120000 40.000000 90.000000 2.500000 0.110000 0.000111 
0.120000 40.000000 90.000000 2.500000 0.110000 0.000231 
0.120000 40.000000 90.000000 2.500000 0.110000 0.000117 
0.120000 40.000000 90.000000 2.500000 0.145000 0.000143 
0.120000 40.000000 90.000000 2.500000 0.145000 0.000000 
0.120000 40.000000 90.000000 2.500000 0.145000 0.000413 
0.120000 40.000000 90.000000 2.500000 0.145000 0.000094 
0.120000 40.000000 90.000000 2.500000 0.145000 0.000179 
0.120000 40.000000 90.000000 2.750000 0.070000 0.000251 
0.120000 40.000000 90.000000 2.750000 0.070000 0.000173 
0.120000 40.000000 90.000000 2.750000 0.070000 0.000309 
0.120000 40.000000 90.000000 2.750000 0.070000 0.000361 
0.120000 40.000000 90.000000 2.750000 0.070000 0.000195 
0.120000 40.000000 90.000000 2.750000 0.110000 0.000163 
0.120000 40.000000 90.000000 2.750000 0.110000 0.000231 
0.120000 40.000000 90.000000 2.750000 0.110000 0.000407 
0.120000 40.000000 90.000000 2.750000 0.110000 0.000316 
0.120000 40.000000 90.000000 2.750000 0.110000 0.000254 
0.120000 40.000000 90.000000 2.750000 0.145000 0.000387 
0.120000 40.000000 90.000000 2.750000 0.145000 0.000313 
0.120000 40.000000 90.000000 2.750000 0.145000 0.000120 
0.120000 40.000000 90.000000 2.750000 0.145000 0.000208 
0.120000 40.000000 90.000000 2.750000 0.145000 0.000446 
0.120000 50.000000 0.000000 2.250000 0.070000 0.000202 
0.120000 50.000000 0.000000 2.250000 0.070000 0.000283 
0.120000 50.000000 0.000000 2.250000 0.070000 0.000329 
0.120000 50.000000 0.000000 2.250000 0.070000 0.000114 
0.120000 40.000000 0.000000 2.250000 0.070000 0.006989 
0.120000 40.000000 0.000000 2.250000 0.070000 0.016331 
0.120000 40.000000 90.000000 2.250000 0.070000 0.000241 
