10.000000 0.000000
10.000000 0.000000
10.000000 0.000000
10.000000 0.000000
10.000000 0.000000
20.000000 0.000049
20.000000 0.000000
20.000000 0.000000
20.000000 0.000000
20.000000 0.000000
30.000000 0.000059
30.000000 0.000000
30.000000 0.000000
30.000000 0.000104
30.000000 0.000059
40.000000 0.000059
40.000000 0.000049
40.000000 0.000062
40.000000 0.000072
40.000000 0.000081
50.000000 0.003678
50.000000 0.006725
50.000000 0.002754
50.000000 0.000000
50.000000 0.000000
60.000000 0.007399
60.000000 0.051374
60.000000 0.028421
60.000000 0.019762
60.000000 0.026198
70.000000 0.001937
70.000000 0.050937
70.000000 0.031159
70.000000 0.025859
70.000000 0.028913
80.000000 0.000000
80.000000 0.008711
80.000000 0.000781
80.000000 0.002129
80.000000 0.015586
90.000000 0.011230
90.000000 0.043639
90.000000 0.025423
90.000000 0.007148
90.000000 0.025423
