0.120000 30.000000 0.000000 2.500000 0.090000 0.000039 
0.120000 30.000000 0.000000 2.500000 0.090000 0.000000 
0.120000 30.000000 0.000000 2.500000 0.090000 0.000000 
0.120000 30.000000 0.000000 2.500000 0.090000 0.000039 
0.120000 30.000000 0.000000 2.500000 0.090000 0.000059 
0.120000 30.000000 0.000000 2.500000 0.090000 0.000000 
0.120000 30.000000 0.000000 2.500000 0.090000 0.000000 
0.120000 30.000000 0.000000 2.500000 0.090000 0.000000 
0.120000 30.000000 0.000000 2.500000 0.090000 0.000000 
0.120000 30.000000 0.000000 2.500000 0.090000 0.000000 
0.120000 30.000000 0.000000 2.500000 0.090000 0.000000 
0.120000 30.000000 0.000000 2.500000 0.090000 0.000000 
0.120000 30.000000 0.000000 2.500000 0.090000 0.000000 
0.120000 30.000000 0.000000 2.500000 0.090000 0.000039 
0.120000 30.000000 0.000000 2.500000 0.120000 0.000000 
0.120000 30.000000 0.000000 2.500000 0.120000 0.000042 
0.120000 30.000000 0.000000 2.500000 0.120000 0.000036 
0.120000 30.000000 0.000000 2.500000 0.120000 0.000000 
0.120000 30.000000 0.000000 2.500000 0.120000 0.000039 
0.120000 30.000000 0.000000 2.500000 0.120000 0.000000 
0.120000 30.000000 0.000000 2.500000 0.120000 0.000000 
0.120000 30.000000 0.000000 2.500000 0.120000 0.000000 
0.120000 30.000000 0.000000 2.500000 0.120000 0.000000 
0.120000 30.000000 0.000000 2.500000 0.120000 0.000036 
0.120000 30.000000 0.000000 2.500000 0.120000 0.000000 
0.120000 30.000000 0.000000 2.500000 0.120000 0.000000 
0.120000 30.000000 0.000000 2.500000 0.120000 0.000000 
0.120000 30.000000 0.000000 2.500000 0.120000 0.000000 
0.120000 30.000000 0.000000 2.500000 0.150000 0.020195 
0.120000 30.000000 0.000000 2.500000 0.150000 0.020511 
0.120000 30.000000 0.000000 2.500000 0.150000 0.025602 
0.120000 30.000000 0.000000 2.500000 0.150000 0.025677 
0.120000 30.000000 0.000000 2.500000 0.150000 0.025635 
0.120000 30.000000 0.000000 2.500000 0.150000 0.025635 
0.120000 30.000000 0.000000 2.500000 0.150000 0.025443 
0.120000 30.000000 0.000000 2.500000 0.150000 0.025576 
0.120000 30.000000 0.000000 2.500000 0.150000 0.025576 
0.120000 30.000000 0.000000 2.500000 0.150000 0.025586 
0.120000 30.000000 0.000000 2.500000 0.150000 0.025573 
0.120000 30.000000 0.000000 2.500000 0.150000 0.025618 
0.120000 30.000000 0.000000 2.500000 0.150000 0.025576 
0.120000 30.000000 0.000000 2.500000 0.150000 0.027422 
0.120000 30.000000 0.000000 2.750000 0.090000 0.000000 
0.120000 30.000000 0.000000 2.750000 0.090000 0.000000 
0.120000 30.000000 0.000000 2.750000 0.090000 0.000000 
0.120000 30.000000 0.000000 2.750000 0.090000 0.000000 
0.120000 30.000000 0.000000 2.750000 0.090000 0.000000 
0.120000 30.000000 0.000000 2.750000 0.090000 0.000000 
0.120000 30.000000 0.000000 2.750000 0.090000 0.000000 
0.120000 30.000000 0.000000 2.750000 0.090000 0.000000 
0.120000 30.000000 0.000000 2.750000 0.090000 0.000000 
0.120000 30.000000 0.000000 2.750000 0.090000 0.000000 
0.120000 30.000000 0.000000 2.750000 0.090000 0.000000 
0.120000 30.000000 0.000000 2.750000 0.090000 0.000000 
0.120000 30.000000 0.000000 2.750000 0.090000 0.000000 
0.120000 30.000000 0.000000 2.750000 0.090000 0.000000 
0.120000 30.000000 0.000000 2.750000 0.120000 0.000000 
0.120000 30.000000 0.000000 2.750000 0.120000 0.000000 
0.120000 30.000000 0.000000 2.750000 0.120000 0.000000 
0.120000 30.000000 0.000000 2.750000 0.120000 0.000000 
0.120000 30.000000 0.000000 2.750000 0.120000 0.000000 
0.120000 30.000000 0.000000 2.750000 0.120000 0.000000 
0.120000 30.000000 0.000000 2.750000 0.120000 0.000000 
0.120000 30.000000 0.000000 2.750000 0.120000 0.000000 
0.120000 30.000000 0.000000 2.750000 0.120000 0.000000 
0.120000 30.000000 0.000000 2.750000 0.120000 0.000000 
0.120000 30.000000 0.000000 2.750000 0.120000 0.000000 
0.120000 30.000000 0.000000 2.750000 0.120000 0.000000 
0.120000 30.000000 0.000000 2.750000 0.120000 0.000000 
0.120000 30.000000 0.000000 2.750000 0.120000 0.000000 
0.120000 30.000000 0.000000 2.750000 0.150000 0.001657 
0.120000 30.000000 0.000000 2.750000 0.150000 0.001683 
0.120000 30.000000 0.000000 2.750000 0.150000 0.001657 
0.120000 30.000000 0.000000 2.750000 0.150000 0.001719 
0.120000 30.000000 0.000000 2.750000 0.150000 0.001722 
0.120000 30.000000 0.000000 2.750000 0.150000 0.001686 
0.120000 30.000000 0.000000 2.750000 0.150000 0.001706 
0.120000 30.000000 0.000000 2.750000 0.150000 0.001699 
0.120000 30.000000 0.000000 2.750000 0.150000 0.001628 
0.120000 30.000000 0.000000 2.750000 0.150000 0.001654 
0.120000 30.000000 0.000000 2.750000 0.150000 0.001673 
0.120000 30.000000 0.000000 2.750000 0.150000 0.001686 
0.120000 30.000000 0.000000 2.750000 0.150000 0.025654 
0.120000 30.000000 0.000000 2.750000 0.150000 0.028229 
0.120000 30.000000 0.000000 3.000000 0.090000 0.000000 
0.120000 30.000000 0.000000 3.000000 0.090000 0.000000 
0.120000 30.000000 0.000000 3.000000 0.090000 0.000000 
0.120000 30.000000 0.000000 3.000000 0.090000 0.000000 
0.120000 30.000000 0.000000 3.000000 0.090000 0.000000 
0.120000 30.000000 0.000000 3.000000 0.090000 0.000000 
0.120000 30.000000 0.000000 3.000000 0.090000 0.000000 
0.120000 30.000000 0.000000 3.000000 0.090000 0.000000 
0.120000 30.000000 0.000000 3.000000 0.090000 0.000000 
0.120000 30.000000 0.000000 3.000000 0.090000 0.000000 
0.120000 30.000000 0.000000 3.000000 0.090000 0.000000 
0.120000 30.000000 0.000000 3.000000 0.090000 0.000199 
0.120000 30.000000 0.000000 3.000000 0.090000 0.000449 
0.120000 30.000000 0.000000 3.000000 0.090000 0.003874 
0.120000 30.000000 0.000000 3.000000 0.120000 0.000000 
0.120000 30.000000 0.000000 3.000000 0.120000 0.000000 
0.120000 30.000000 0.000000 3.000000 0.120000 0.000000 
0.120000 30.000000 0.000000 3.000000 0.120000 0.002695 
0.120000 30.000000 0.000000 3.000000 0.120000 0.002715 
0.120000 30.000000 0.000000 3.000000 0.120000 0.002731 
0.120000 30.000000 0.000000 3.000000 0.120000 0.002676 
0.120000 30.000000 0.000000 3.000000 0.120000 0.002705 
0.120000 30.000000 0.000000 3.000000 0.120000 0.002640 
0.120000 30.000000 0.000000 3.000000 0.120000 0.002721 
0.120000 30.000000 0.000000 3.000000 0.120000 0.002712 
0.120000 30.000000 0.000000 3.000000 0.120000 0.002773 
0.120000 30.000000 0.000000 3.000000 0.120000 0.002669 
0.120000 30.000000 0.000000 3.000000 0.120000 0.002695 
0.120000 30.000000 0.000000 3.000000 0.150000 0.027044 
0.120000 30.000000 0.000000 3.000000 0.150000 0.034977 
0.120000 30.000000 0.000000 3.000000 0.150000 0.062503 
0.120000 30.000000 0.000000 3.000000 0.150000 0.061514 
0.120000 30.000000 0.000000 3.000000 0.150000 0.061423 
0.120000 30.000000 0.000000 3.000000 0.150000 0.061436 
0.120000 30.000000 0.000000 3.000000 0.150000 0.061410 
0.120000 30.000000 0.000000 3.000000 0.150000 0.061654 
0.120000 30.000000 0.000000 3.000000 0.150000 0.061410 
0.120000 30.000000 0.000000 3.000000 0.150000 0.061621 
0.120000 30.000000 0.000000 3.000000 0.150000 0.061299 
0.120000 30.000000 0.000000 3.000000 0.150000 0.061468 
0.120000 30.000000 0.000000 3.000000 0.150000 0.061436 
0.120000 30.000000 0.000000 3.000000 0.150000 0.061416 
0.120000 40.000000 0.000000 2.500000 0.090000 0.013493 
0.120000 40.000000 0.000000 2.500000 0.090000 0.013337 
0.120000 40.000000 0.000000 2.500000 0.090000 0.015430 
0.120000 40.000000 0.000000 2.500000 0.090000 0.015443 
0.120000 40.000000 0.000000 2.500000 0.090000 0.015547 
0.120000 40.000000 0.000000 2.500000 0.090000 0.015436 
0.120000 40.000000 0.000000 2.500000 0.090000 0.015394 
0.120000 40.000000 0.000000 2.500000 0.090000 0.015505 
0.120000 40.000000 0.000000 2.500000 0.090000 0.015534 
0.120000 40.000000 0.000000 2.500000 0.090000 0.015303 
0.120000 40.000000 0.000000 2.500000 0.090000 0.015384 
0.120000 40.000000 0.000000 2.500000 0.090000 0.015518 
0.120000 40.000000 0.000000 2.500000 0.090000 0.015358 
0.120000 40.000000 0.000000 2.500000 0.090000 0.015413 
0.120000 40.000000 0.000000 2.500000 0.120000 0.005654 
0.120000 40.000000 0.000000 2.500000 0.120000 0.005684 
0.120000 40.000000 0.000000 2.500000 0.120000 0.005706 
0.120000 40.000000 0.000000 2.500000 0.120000 0.005723 
0.120000 40.000000 0.000000 2.500000 0.120000 0.005710 
0.120000 40.000000 0.000000 2.500000 0.120000 0.005752 
0.120000 40.000000 0.000000 2.500000 0.120000 0.005687 
0.120000 40.000000 0.000000 2.500000 0.120000 0.009212 
0.120000 40.000000 0.000000 2.500000 0.120000 0.009209 
0.120000 40.000000 0.000000 2.500000 0.120000 0.009261 
0.120000 40.000000 0.000000 2.500000 0.120000 0.009274 
0.120000 40.000000 0.000000 2.500000 0.120000 0.011270 
0.120000 40.000000 0.000000 2.500000 0.120000 0.011286 
0.120000 40.000000 0.000000 2.500000 0.120000 0.011195 
0.120000 40.000000 0.000000 2.500000 0.150000 0.023877 
0.120000 40.000000 0.000000 2.500000 0.150000 0.024160 
0.120000 40.000000 0.000000 2.500000 0.150000 0.023939 
0.120000 40.000000 0.000000 2.500000 0.150000 0.024004 
0.120000 40.000000 0.000000 2.500000 0.150000 0.023994 
0.120000 40.000000 0.000000 2.500000 0.150000 0.023903 
0.120000 40.000000 0.000000 2.500000 0.150000 0.023962 
0.120000 40.000000 0.000000 2.500000 0.150000 0.023949 
0.120000 40.000000 0.000000 2.500000 0.150000 0.023815 
0.120000 40.000000 0.000000 2.500000 0.150000 0.026953 
0.120000 40.000000 0.000000 2.500000 0.150000 0.026934 
0.120000 40.000000 0.000000 2.500000 0.150000 0.026943 
0.120000 40.000000 0.000000 2.500000 0.150000 0.027061 
0.120000 40.000000 0.000000 2.500000 0.150000 0.026966 
0.120000 40.000000 0.000000 2.750000 0.090000 0.015885 
0.120000 40.000000 0.000000 2.750000 0.090000 0.015964 
0.120000 40.000000 0.000000 2.750000 0.090000 0.015993 
0.120000 40.000000 0.000000 2.750000 0.090000 0.015947 
0.120000 40.000000 0.000000 2.750000 0.090000 0.015905 
0.120000 40.000000 0.000000 2.750000 0.090000 0.015837 
0.120000 40.000000 0.000000 2.750000 0.090000 0.018760 
0.120000 40.000000 0.000000 2.750000 0.090000 0.018717 
0.120000 40.000000 0.000000 2.750000 0.090000 0.018512 
0.120000 40.000000 0.000000 2.750000 0.090000 0.018516 
0.120000 40.000000 0.000000 2.750000 0.090000 0.027718 
0.120000 40.000000 0.000000 2.750000 0.090000 0.027191 
0.120000 40.000000 0.000000 2.750000 0.090000 0.029339 
0.120000 40.000000 0.000000 2.750000 0.090000 0.029411 
0.120000 40.000000 0.000000 2.750000 0.120000 0.002288 
0.120000 40.000000 0.000000 2.750000 0.120000 0.002327 
0.120000 40.000000 0.000000 2.750000 0.120000 0.002305 
0.120000 40.000000 0.000000 2.750000 0.120000 0.002380 
0.120000 40.000000 0.000000 2.750000 0.120000 0.002360 
0.120000 40.000000 0.000000 2.750000 0.120000 0.002386 
0.120000 40.000000 0.000000 2.750000 0.120000 0.002301 
0.120000 40.000000 0.000000 2.750000 0.120000 0.002282 
0.120000 40.000000 0.000000 2.750000 0.120000 0.002253 
0.120000 40.000000 0.000000 2.750000 0.120000 0.002249 
0.120000 40.000000 0.000000 2.750000 0.120000 0.002314 
0.120000 40.000000 0.000000 2.750000 0.120000 0.002275 
0.120000 40.000000 0.000000 2.750000 0.120000 0.002243 
0.120000 40.000000 0.000000 2.750000 0.120000 0.002292 
0.120000 40.000000 0.000000 2.750000 0.150000 0.127197 
0.120000 40.000000 0.000000 2.750000 0.150000 0.140622 
0.120000 40.000000 0.000000 2.750000 0.150000 0.141790 
0.120000 40.000000 0.000000 2.750000 0.150000 0.142546 
0.120000 40.000000 0.000000 2.750000 0.150000 0.144727 
0.120000 40.000000 0.000000 2.750000 0.150000 0.144717 
0.120000 40.000000 0.000000 2.750000 0.150000 0.153066 
0.120000 40.000000 0.000000 2.750000 0.150000 0.152653 
0.120000 40.000000 0.000000 2.750000 0.150000 0.153779 
0.120000 40.000000 0.000000 2.750000 0.150000 0.154147 
0.120000 40.000000 0.000000 2.750000 0.150000 0.155843 
0.120000 40.000000 0.000000 2.750000 0.150000 0.154222 
0.120000 40.000000 0.000000 2.750000 0.150000 0.154183 
0.120000 40.000000 0.000000 2.750000 0.150000 0.154173 
0.120000 40.000000 0.000000 3.000000 0.090000 0.023649 
0.120000 40.000000 0.000000 3.000000 0.090000 0.036019 
0.120000 40.000000 0.000000 3.000000 0.090000 0.040098 
0.120000 40.000000 0.000000 3.000000 0.090000 0.040036 
0.120000 40.000000 0.000000 3.000000 0.090000 0.042158 
0.120000 40.000000 0.000000 3.000000 0.090000 0.043564 
0.120000 40.000000 0.000000 3.000000 0.090000 0.043343 
0.120000 40.000000 0.000000 3.000000 0.090000 0.043766 
0.120000 40.000000 0.000000 3.000000 0.090000 0.043122 
0.120000 40.000000 0.000000 3.000000 0.090000 0.043350 
0.120000 40.000000 0.000000 3.000000 0.090000 0.044518 
0.120000 40.000000 0.000000 3.000000 0.090000 0.045498 
0.120000 40.000000 0.000000 3.000000 0.090000 0.045335 
0.120000 40.000000 0.000000 3.000000 0.090000 0.045192 
0.120000 40.000000 0.000000 3.000000 0.120000 0.072061 
0.120000 40.000000 0.000000 3.000000 0.120000 0.074756 
0.120000 40.000000 0.000000 3.000000 0.120000 0.074564 
0.120000 40.000000 0.000000 3.000000 0.120000 0.078190 
0.120000 40.000000 0.000000 3.000000 0.120000 0.078597 
0.120000 40.000000 0.000000 3.000000 0.120000 0.079303 
0.120000 40.000000 0.000000 3.000000 0.120000 0.079681 
0.120000 40.000000 0.000000 3.000000 0.120000 0.084294 
0.120000 40.000000 0.000000 3.000000 0.120000 0.084206 
0.120000 40.000000 0.000000 3.000000 0.120000 0.084528 
0.120000 40.000000 0.000000 3.000000 0.120000 0.084255 
0.120000 40.000000 0.000000 3.000000 0.120000 0.084089 
0.120000 40.000000 0.000000 3.000000 0.120000 0.085244 
0.120000 40.000000 0.000000 3.000000 0.120000 0.085208 
0.120000 40.000000 0.000000 3.000000 0.150000 0.007096 
0.120000 40.000000 0.000000 3.000000 0.150000 0.006917 
0.120000 40.000000 0.000000 3.000000 0.150000 0.006973 
0.120000 40.000000 0.000000 3.000000 0.150000 0.006976 
0.120000 40.000000 0.000000 3.000000 0.150000 0.010693 
0.120000 40.000000 0.000000 3.000000 0.150000 0.010693 
0.120000 40.000000 0.000000 3.000000 0.150000 0.010648 
0.120000 40.000000 0.000000 3.000000 0.150000 0.010693 
0.120000 40.000000 0.000000 3.000000 0.150000 0.010596 
0.120000 40.000000 0.000000 3.000000 0.150000 0.010605 
0.120000 40.000000 0.000000 3.000000 0.150000 0.010755 
0.120000 40.000000 0.000000 3.000000 0.150000 0.010745 
0.120000 40.000000 0.000000 3.000000 0.150000 0.010638 
0.120000 40.000000 0.000000 3.000000 0.150000 0.010791 
0.120000 50.000000 0.000000 2.500000 0.090000 0.054072 
0.120000 50.000000 0.000000 2.500000 0.090000 0.054040 
0.120000 50.000000 0.000000 2.500000 0.090000 0.058607 
0.120000 50.000000 0.000000 2.500000 0.090000 0.084447 
0.120000 50.000000 0.000000 2.500000 0.090000 0.083883 
0.120000 50.000000 0.000000 2.500000 0.090000 0.084336 
0.120000 50.000000 0.000000 2.500000 0.090000 0.084066 
0.120000 50.000000 0.000000 2.500000 0.090000 0.084062 
0.120000 50.000000 0.000000 2.500000 0.090000 0.097562 
0.120000 50.000000 0.000000 2.500000 0.090000 0.100960 
0.120000 50.000000 0.000000 2.500000 0.090000 0.100879 
0.120000 50.000000 0.000000 2.500000 0.090000 0.100973 
0.120000 50.000000 0.000000 2.500000 0.090000 0.100951 
0.120000 50.000000 0.000000 2.500000 0.090000 0.102272 
0.120000 50.000000 0.000000 2.500000 0.120000 0.012523 
0.120000 50.000000 0.000000 2.500000 0.120000 0.039004 
0.120000 50.000000 0.000000 2.500000 0.120000 0.040244 
0.120000 50.000000 0.000000 2.500000 0.120000 0.040671 
0.120000 50.000000 0.000000 2.500000 0.120000 0.040228 
0.120000 50.000000 0.000000 2.500000 0.120000 0.047220 
0.120000 50.000000 0.000000 2.500000 0.120000 0.049017 
0.120000 50.000000 0.000000 2.500000 0.120000 0.050117 
0.120000 50.000000 0.000000 2.500000 0.120000 0.049997 
0.120000 50.000000 0.000000 2.500000 0.120000 0.049951 
0.120000 50.000000 0.000000 2.500000 0.120000 0.050130 
0.120000 50.000000 0.000000 2.500000 0.120000 0.050114 
0.120000 50.000000 0.000000 2.500000 0.120000 0.049850 
0.120000 50.000000 0.000000 2.500000 0.120000 0.055052 
0.120000 50.000000 0.000000 2.500000 0.150000 0.019945 
0.120000 50.000000 0.000000 2.500000 0.150000 0.019880 
0.120000 50.000000 0.000000 2.500000 0.150000 0.024017 
0.120000 50.000000 0.000000 2.500000 0.150000 0.026820 
0.120000 50.000000 0.000000 2.500000 0.150000 0.026761 
0.120000 50.000000 0.000000 2.500000 0.150000 0.026924 
0.120000 50.000000 0.000000 2.500000 0.150000 0.026803 
0.120000 50.000000 0.000000 2.500000 0.150000 0.026732 
0.120000 50.000000 0.000000 2.500000 0.150000 0.026868 
0.120000 50.000000 0.000000 2.500000 0.150000 0.026969 
0.120000 50.000000 0.000000 2.500000 0.150000 0.026859 
0.120000 50.000000 0.000000 2.500000 0.150000 0.026699 
0.120000 50.000000 0.000000 2.500000 0.150000 0.026644 
0.120000 50.000000 0.000000 2.500000 0.150000 0.026738 
0.120000 50.000000 0.000000 2.750000 0.090000 0.036351 
0.120000 50.000000 0.000000 2.750000 0.090000 0.036546 
0.120000 50.000000 0.000000 2.750000 0.090000 0.036755 
0.120000 50.000000 0.000000 2.750000 0.090000 0.036924 
0.120000 50.000000 0.000000 2.750000 0.090000 0.036768 
0.120000 50.000000 0.000000 2.750000 0.090000 0.036751 
0.120000 50.000000 0.000000 2.750000 0.090000 0.036924 
0.120000 50.000000 0.000000 2.750000 0.090000 0.037318 
0.120000 50.000000 0.000000 2.750000 0.090000 0.037275 
0.120000 50.000000 0.000000 2.750000 0.090000 0.037236 
0.120000 50.000000 0.000000 2.750000 0.090000 0.037308 
0.120000 50.000000 0.000000 2.750000 0.090000 0.037145 
0.120000 50.000000 0.000000 2.750000 0.090000 0.058258 
0.120000 50.000000 0.000000 2.750000 0.090000 0.061188 
0.120000 50.000000 0.000000 2.750000 0.120000 0.023438 
0.120000 50.000000 0.000000 2.750000 0.120000 0.023252 
0.120000 50.000000 0.000000 2.750000 0.120000 0.025042 
0.120000 50.000000 0.000000 2.750000 0.120000 0.025202 
0.120000 50.000000 0.000000 2.750000 0.120000 0.025120 
0.120000 50.000000 0.000000 2.750000 0.120000 0.027510 
0.120000 50.000000 0.000000 2.750000 0.120000 0.027598 
0.120000 50.000000 0.000000 2.750000 0.120000 0.027383 
0.120000 50.000000 0.000000 2.750000 0.120000 0.027510 
0.120000 50.000000 0.000000 2.750000 0.120000 0.027536 
0.120000 50.000000 0.000000 2.750000 0.120000 0.027360 
0.120000 50.000000 0.000000 2.750000 0.120000 0.027594 
0.120000 50.000000 0.000000 2.750000 0.120000 0.027445 
0.120000 50.000000 0.000000 2.750000 0.120000 0.027555 
0.120000 50.000000 0.000000 2.750000 0.150000 0.066182 
0.120000 50.000000 0.000000 2.750000 0.150000 0.087949 
0.120000 50.000000 0.000000 2.750000 0.150000 0.151755 
0.120000 50.000000 0.000000 2.750000 0.150000 0.151432 
0.120000 50.000000 0.000000 2.750000 0.150000 0.151624 
0.120000 50.000000 0.000000 2.750000 0.150000 0.151748 
0.120000 50.000000 0.000000 2.750000 0.150000 0.151543 
0.120000 50.000000 0.000000 2.750000 0.150000 0.151729 
0.120000 50.000000 0.000000 2.750000 0.150000 0.151328 
0.120000 50.000000 0.000000 2.750000 0.150000 0.151540 
0.120000 50.000000 0.000000 2.750000 0.150000 0.151605 
0.120000 50.000000 0.000000 2.750000 0.150000 0.151257 
0.120000 50.000000 0.000000 2.750000 0.150000 0.151361 
0.120000 50.000000 0.000000 2.750000 0.150000 0.151488 
0.120000 50.000000 0.000000 3.000000 0.090000 0.031634 
0.120000 50.000000 0.000000 3.000000 0.090000 0.034980 
0.120000 50.000000 0.000000 3.000000 0.090000 0.034548 
0.120000 50.000000 0.000000 3.000000 0.090000 0.047874 
0.120000 50.000000 0.000000 3.000000 0.090000 0.047952 
0.120000 50.000000 0.000000 3.000000 0.090000 0.047965 
0.120000 50.000000 0.000000 3.000000 0.090000 0.053633 
0.120000 50.000000 0.000000 3.000000 0.090000 0.053743 
0.120000 50.000000 0.000000 3.000000 0.090000 0.053721 
0.120000 50.000000 0.000000 3.000000 0.090000 0.053825 
0.120000 50.000000 0.000000 3.000000 0.090000 0.053965 
0.120000 50.000000 0.000000 3.000000 0.090000 0.053984 
0.120000 50.000000 0.000000 3.000000 0.090000 0.053734 
0.120000 50.000000 0.000000 3.000000 0.090000 0.053695 
0.120000 50.000000 0.000000 3.000000 0.120000 0.069215 
0.120000 50.000000 0.000000 3.000000 0.120000 0.081445 
0.120000 50.000000 0.000000 3.000000 0.120000 0.082624 
0.120000 50.000000 0.000000 3.000000 0.120000 0.083936 
0.120000 50.000000 0.000000 3.000000 0.120000 0.083701 
0.120000 50.000000 0.000000 3.000000 0.120000 0.083652 
0.120000 50.000000 0.000000 3.000000 0.120000 0.083743 
0.120000 50.000000 0.000000 3.000000 0.120000 0.083766 
0.120000 50.000000 0.000000 3.000000 0.120000 0.083835 
0.120000 50.000000 0.000000 3.000000 0.120000 0.084730 
0.120000 50.000000 0.000000 3.000000 0.120000 0.084430 
0.120000 50.000000 0.000000 3.000000 0.120000 0.098320 
0.120000 50.000000 0.000000 3.000000 0.120000 0.098639 
0.120000 50.000000 0.000000 3.000000 0.120000 0.098174 
0.120000 50.000000 0.000000 3.000000 0.150000 0.051191 
0.120000 50.000000 0.000000 3.000000 0.150000 0.051237 
0.120000 50.000000 0.000000 3.000000 0.150000 0.051253 
0.120000 50.000000 0.000000 3.000000 0.150000 0.050986 
0.120000 50.000000 0.000000 3.000000 0.150000 0.051012 
0.120000 50.000000 0.000000 3.000000 0.150000 0.051149 
0.120000 50.000000 0.000000 3.000000 0.150000 0.051309 
0.120000 50.000000 0.000000 3.000000 0.150000 0.051126 
0.120000 50.000000 0.000000 3.000000 0.150000 0.051143 
0.120000 50.000000 0.000000 3.000000 0.150000 0.051230 
0.120000 50.000000 0.000000 3.000000 0.150000 0.051217 
0.120000 50.000000 0.000000 3.000000 0.150000 0.051315 
0.120000 50.000000 0.000000 3.000000 0.150000 0.051322 
0.120000 50.000000 0.000000 3.000000 0.150000 0.051211 
0.120000 60.000000 0.000000 2.500000 0.090000 0.116771 
0.120000 60.000000 0.000000 2.500000 0.090000 0.116566 
0.120000 60.000000 0.000000 2.500000 0.090000 0.117021 
