10.000000 0.006243
10.000000 0.000000
10.000000 0.000000
10.000000 0.000000
10.000000 0.000000
10.000000 0.002477
20.000000 0.006243
20.000000 0.000000
20.000000 0.000000
20.000000 0.000000
20.000000 0.000000
20.000000 0.002477
30.000000 0.000000
30.000000 0.000000
30.000000 0.004320
30.000000 0.000254
30.000000 0.016820
30.000000 0.000169
40.000000 0.101152
40.000000 0.106221
40.000000 0.082321
40.000000 0.100387
40.000000 0.092943
40.000000 0.092513
50.000000 0.089499
50.000000 0.092607
50.000000 0.098610
50.000000 0.119880
50.000000 0.121855
50.000000 0.118929
60.000000 0.206416
60.000000 0.234564
60.000000 0.229590
60.000000 0.206416
60.000000 0.234564
60.000000 0.229590
70.000000 0.206416
70.000000 0.234564
70.000000 0.239590
70.000000 0.236416
70.000000 0.224564
70.000000 0.239590
80.000000 0.226416
80.000000 0.224564
80.000000 0.229590
80.000000 0.226416
80.000000 0.234564
80.000000 0.219590
90.000000 0.236416
90.000000 0.234564
90.000000 0.239590
90.000000 0.206416
90.000000 0.234564
90.000000 0.239590
