0.120000 30.000000 0.000000 2.250000 0.120000 0.007904 
0.120000 30.000000 0.000000 2.250000 0.120000 0.008675 
0.120000 30.000000 0.000000 2.250000 0.120000 0.010755 
0.120000 30.000000 0.000000 2.250000 0.120000 0.010986 
0.120000 30.000000 0.000000 2.250000 0.120000 0.017253 
0.120000 30.000000 0.000000 2.250000 0.120000 0.018971 
0.120000 30.000000 0.000000 2.250000 0.120000 0.044753 
0.120000 30.000000 0.000000 2.250000 0.120000 0.056491 
0.120000 30.000000 0.000000 2.250000 0.120000 0.056829 
0.120000 30.000000 0.000000 2.250000 0.120000 0.060254 
0.120000 30.000000 0.000000 2.250000 0.150000 0.079102 
0.120000 30.000000 0.000000 2.250000 0.150000 0.080645 
0.120000 30.000000 0.000000 2.250000 0.150000 0.085010 
0.120000 30.000000 0.000000 2.250000 0.150000 0.100625 
0.120000 30.000000 0.000000 2.250000 0.150000 0.101517 
0.120000 30.000000 0.000000 2.250000 0.150000 0.104238 
0.120000 30.000000 0.000000 2.250000 0.150000 0.122728 
0.120000 30.000000 0.000000 2.250000 0.150000 0.123783 
0.120000 30.000000 0.000000 2.250000 0.150000 0.119821 
0.120000 30.000000 0.000000 2.250000 0.150000 0.122852 
0.120000 30.000000 0.000000 2.250000 0.180000 0.020212
0.120000 30.000000 0.000000 2.250000 0.180000 0.020212 
0.120000 30.000000 0.000000 2.250000 0.180000 0.047842 
0.120000 30.000000 0.000000 2.250000 0.180000 0.091738 
0.120000 30.000000 0.000000 2.250000 0.180000 0.095837 
0.120000 30.000000 0.000000 2.250000 0.180000 0.097305 
0.120000 30.000000 0.000000 2.250000 0.180000 0.154095 
0.120000 30.000000 0.000000 2.250000 0.180000 0.160225 
0.120000 30.000000 0.000000 2.250000 0.180000 0.159850 
0.120000 30.000000 0.000000 2.250000 0.180000 0.157337 
0.120000 30.000000 0.000000 2.500000 0.120000 0.002259 
0.120000 30.000000 0.000000 2.500000 0.120000 0.009922 
0.120000 30.000000 0.000000 2.500000 0.120000 0.011927 
0.120000 30.000000 0.000000 2.500000 0.120000 0.011423 
0.120000 30.000000 0.000000 2.500000 0.120000 0.034173 
0.120000 30.000000 0.000000 2.500000 0.120000 0.028893 
0.120000 30.000000 0.000000 2.500000 0.120000 0.028743 
0.120000 30.000000 0.000000 2.500000 0.120000 0.036227 
0.120000 30.000000 0.000000 2.500000 0.120000 0.036296 
0.120000 30.000000 0.000000 2.500000 0.120000 0.039131 
0.120000 30.000000 0.000000 2.500000 0.150000 0.059294 
0.120000 30.000000 0.000000 2.500000 0.150000 0.119118 
0.120000 30.000000 0.000000 2.500000 0.150000 0.115472 
0.120000 30.000000 0.000000 2.500000 0.150000 0.133193 
0.120000 30.000000 0.000000 2.500000 0.150000 0.137285 
0.120000 30.000000 0.000000 2.500000 0.150000 0.141699 
0.120000 30.000000 0.000000 2.500000 0.150000 0.142295 
0.120000 30.000000 0.000000 2.500000 0.150000 0.143288 
0.120000 30.000000 0.000000 2.500000 0.150000 0.142962 
0.120000 30.000000 0.000000 2.500000 0.150000 0.142243 
0.120000 30.000000 0.000000 2.500000 0.180000 0.018757 
0.120000 30.000000 0.000000 2.500000 0.180000 0.021032 
0.120000 30.000000 0.000000 2.500000 0.180000 0.023138 
0.120000 30.000000 0.000000 2.500000 0.180000 0.046136 
0.120000 30.000000 0.000000 2.500000 0.180000 0.047809 
0.120000 30.000000 0.000000 2.500000 0.180000 0.044368 
0.120000 30.000000 0.000000 2.500000 0.180000 0.140345 
0.120000 30.000000 0.000000 2.500000 0.180000 0.140072 
0.120000 30.000000 0.000000 2.500000 0.180000 0.144551 
0.120000 30.000000 0.000000 2.500000 0.180000 0.146966 
0.120000 40.000000 0.000000 2.250000 0.120000 0.018936 
0.120000 40.000000 0.000000 2.250000 0.120000 0.027080 
0.120000 40.000000 0.000000 2.250000 0.120000 0.028066 
0.120000 40.000000 0.000000 2.250000 0.120000 0.063721 
0.120000 40.000000 0.000000 2.250000 0.120000 0.084056 
0.120000 40.000000 0.000000 2.250000 0.120000 0.084176 
0.120000 40.000000 0.000000 2.250000 0.120000 0.098519 
0.120000 40.000000 0.000000 2.250000 0.120000 0.099489 
0.120000 40.000000 0.000000 2.250000 0.120000 0.115898 
0.120000 40.000000 0.000000 2.250000 0.120000 0.117910 
0.120000 40.000000 0.000000 2.250000 0.150000 0.119772 
0.120000 40.000000 0.000000 2.250000 0.150000 0.135778 
0.120000 40.000000 0.000000 2.250000 0.150000 0.132939 
0.120000 40.000000 0.000000 2.250000 0.150000 0.134805 
0.120000 40.000000 0.000000 2.250000 0.150000 0.143620 
0.120000 40.000000 0.000000 2.250000 0.150000 0.141693 
0.120000 40.000000 0.000000 2.250000 0.150000 0.143652 
0.120000 40.000000 0.000000 2.250000 0.150000 0.143678 
0.120000 40.000000 0.000000 2.250000 0.150000 0.146276 
0.120000 40.000000 0.000000 2.250000 0.150000 0.145492 
0.120000 40.000000 0.000000 2.250000 0.180000 0.093066 
0.120000 40.000000 0.000000 2.250000 0.180000 0.102526 
0.120000 40.000000 0.000000 2.250000 0.180000 0.109922 
0.120000 40.000000 0.000000 2.250000 0.180000 0.130628 
0.120000 40.000000 0.000000 2.250000 0.180000 0.135381 
0.120000 40.000000 0.000000 2.250000 0.180000 0.137471 
0.120000 40.000000 0.000000 2.250000 0.180000 0.134258 
0.120000 40.000000 0.000000 2.250000 0.180000 0.133496 
0.120000 40.000000 0.000000 2.250000 0.180000 0.135075 
0.120000 40.000000 0.000000 2.250000 0.180000 0.135049 
0.120000 40.000000 0.000000 2.500000 0.120000 0.069753 
0.120000 40.000000 0.000000 2.500000 0.120000 0.074134 
0.120000 40.000000 0.000000 2.500000 0.120000 0.071351 
0.120000 40.000000 0.000000 2.500000 0.120000 0.087796 
0.120000 40.000000 0.000000 2.500000 0.120000 0.088411 
0.120000 40.000000 0.000000 2.500000 0.120000 0.089961 
0.120000 40.000000 0.000000 2.500000 0.120000 0.095039 
0.120000 40.000000 0.000000 2.500000 0.120000 0.095267 
0.120000 40.000000 0.000000 2.500000 0.120000 0.100928 
0.120000 40.000000 0.000000 2.500000 0.120000 0.097197 
0.120000 40.000000 0.000000 2.500000 0.150000 0.073626 
0.120000 40.000000 0.000000 2.500000 0.150000 0.076410 
0.120000 40.000000 0.000000 2.500000 0.150000 0.086100 
0.120000 40.000000 0.000000 2.500000 0.150000 0.094661 
0.120000 40.000000 0.000000 2.500000 0.150000 0.101683 
0.120000 40.000000 0.000000 2.500000 0.150000 0.103737 
0.120000 40.000000 0.000000 2.500000 0.150000 0.108675 
0.120000 40.000000 0.000000 2.500000 0.150000 0.109020 
0.120000 40.000000 0.000000 2.500000 0.150000 0.106315 
0.120000 40.000000 0.000000 2.500000 0.150000 0.115400 
0.120000 40.000000 0.000000 2.500000 0.180000 0.110192 
0.120000 40.000000 0.000000 2.500000 0.180000 0.116784 
0.120000 40.000000 0.000000 2.500000 0.180000 0.119541 
0.120000 40.000000 0.000000 2.500000 0.180000 0.132881 
0.120000 40.000000 0.000000 2.500000 0.180000 0.130798 
0.120000 40.000000 0.000000 2.500000 0.180000 0.133018 
0.120000 40.000000 0.000000 2.500000 0.180000 0.132217 
0.120000 40.000000 0.000000 2.500000 0.180000 0.131227 
0.120000 40.000000 0.000000 2.500000 0.180000 0.130199 
0.120000 40.000000 0.000000 2.500000 0.180000 0.130068 
0.120000 40.000000 0.000000 2.750000 0.120000 0.088223 
0.120000 40.000000 0.000000 2.750000 0.120000 0.096270 
0.120000 40.000000 0.000000 2.750000 0.120000 0.119219 
0.120000 40.000000 0.000000 2.750000 0.120000 0.119964 
0.120000 40.000000 0.000000 2.750000 0.120000 0.119173 
0.120000 40.000000 0.000000 2.750000 0.120000 0.135830 
0.120000 40.000000 0.000000 2.750000 0.120000 0.132819 
0.120000 40.000000 0.000000 2.750000 0.120000 0.136934 
0.120000 40.000000 0.000000 2.750000 0.120000 0.142435 
0.120000 40.000000 0.000000 2.750000 0.120000 0.140238 
0.120000 40.000000 0.000000 2.750000 0.150000 0.096878 
0.120000 40.000000 0.000000 2.750000 0.150000 0.106758 
0.120000 40.000000 0.000000 2.750000 0.150000 0.118730 
0.120000 40.000000 0.000000 2.750000 0.150000 0.123438 
0.120000 40.000000 0.000000 2.750000 0.150000 0.124834 
0.120000 40.000000 0.000000 2.750000 0.150000 0.131370 
0.120000 40.000000 0.000000 2.750000 0.150000 0.130774 
0.120000 40.000000 0.000000 2.750000 0.150000 0.136098 
0.120000 40.000000 0.000000 2.750000 0.150000 0.140395 
0.120000 40.000000 0.000000 2.750000 0.150000 0.141146 
0.120000 40.000000 0.000000 2.750000 0.180000 0.116862 
0.120000 40.000000 0.000000 2.750000 0.180000 0.128216 
0.120000 40.000000 0.000000 2.750000 0.180000 0.126891 
0.120000 40.000000 0.000000 2.750000 0.180000 0.126178 
0.120000 40.000000 0.000000 2.750000 0.180000 0.134876 
0.120000 40.000000 0.000000 2.750000 0.180000 0.139977 
0.120000 40.000000 0.000000 2.750000 0.180000 0.141777 
0.120000 40.000000 0.000000 2.750000 0.180000 0.143630 
0.120000 40.000000 0.000000 2.750000 0.180000 0.144040 
0.120000 40.000000 0.000000 2.750000 0.180000 0.141230  
0.120000 20.000000 0.000000 2.250000 0.120000 0.000000 
0.120000 20.000000 0.000000 2.250000 0.120000 0.000000 
0.120000 20.000000 0.000000 2.250000 0.120000 0.000000 
0.120000 20.000000 0.000000 2.250000 0.120000 0.000000 
0.120000 20.000000 0.000000 2.250000 0.120000 0.000000 
0.120000 20.000000 0.000000 2.250000 0.120000 0.000000 
0.120000 20.000000 0.000000 2.250000 0.120000 0.000000 
0.120000 20.000000 0.000000 2.250000 0.120000 0.000000 
0.120000 20.000000 0.000000 2.250000 0.120000 0.000000 
0.120000 20.000000 0.000000 2.250000 0.120000 0.000000 
0.120000 20.000000 0.000000 2.250000 0.150000 0.000563 
0.120000 20.000000 0.000000 2.250000 0.150000 0.002048 
0.120000 20.000000 0.000000 2.250000 0.150000 0.003226 
0.120000 20.000000 0.000000 2.250000 0.150000 0.004876 
0.120000 20.000000 0.000000 2.250000 0.150000 0.004255 
0.120000 20.000000 0.000000 2.250000 0.150000 0.004131 
0.120000 20.000000 0.000000 2.250000 0.150000 0.003014 
0.120000 20.000000 0.000000 2.250000 0.150000 0.002839 
0.120000 20.000000 0.000000 2.250000 0.150000 0.003910 
0.120000 20.000000 0.000000 2.250000 0.150000 0.002607 
0.120000 20.000000 0.000000 2.250000 0.180000 0.009622 
0.120000 20.000000 0.000000 2.250000 0.180000 0.025745 
0.120000 20.000000 0.000000 2.250000 0.180000 0.051357 
0.120000 20.000000 0.000000 2.250000 0.180000 0.063613 
0.120000 20.000000 0.000000 2.250000 0.180000 0.077165 
0.120000 20.000000 0.000000 2.250000 0.180000 0.082529 
0.120000 20.000000 0.000000 2.250000 0.180000 0.098900 
0.120000 20.000000 0.000000 2.250000 0.180000 0.101719 
0.120000 20.000000 0.000000 2.250000 0.180000 0.105918 
0.120000 20.000000 0.000000 2.250000 0.180000 0.107197 
0.120000 20.000000 0.000000 2.500000 0.120000 0.000000 
0.120000 20.000000 0.000000 2.500000 0.120000 0.000000 
0.120000 20.000000 0.000000 2.500000 0.120000 0.000000 
0.120000 20.000000 0.000000 2.500000 0.120000 0.000000 
0.120000 20.000000 0.000000 2.500000 0.120000 0.000000 
0.120000 20.000000 0.000000 2.500000 0.120000 0.000000 
0.120000 20.000000 0.000000 2.500000 0.120000 0.000000 
0.120000 20.000000 0.000000 2.500000 0.120000 0.000469 
0.120000 20.000000 0.000000 2.500000 0.120000 0.000000 
0.120000 20.000000 0.000000 2.500000 0.120000 0.000000 
0.120000 20.000000 0.000000 2.500000 0.150000 0.005042 
0.120000 20.000000 0.000000 2.500000 0.150000 0.007269 
0.120000 20.000000 0.000000 2.500000 0.150000 0.008115 
0.120000 20.000000 0.000000 2.500000 0.150000 0.015433 
0.120000 20.000000 0.000000 2.500000 0.150000 0.028174 
0.120000 20.000000 0.000000 2.500000 0.150000 0.041536 
0.120000 20.000000 0.000000 2.500000 0.150000 0.041768 
0.120000 20.000000 0.000000 2.500000 0.150000 0.039258 
0.120000 20.000000 0.000000 2.500000 0.150000 0.047995 
0.120000 20.000000 0.000000 2.500000 0.150000 0.062783 
0.120000 20.000000 0.000000 2.500000 0.180000 0.049714 
0.120000 20.000000 0.000000 2.500000 0.180000 0.071784 
0.120000 20.000000 0.000000 2.500000 0.180000 0.094193 
0.120000 20.000000 0.000000 2.500000 0.180000 0.094854 
0.120000 20.000000 0.000000 2.500000 0.180000 0.094333 
0.120000 20.000000 0.000000 2.500000 0.180000 0.110641 
0.120000 20.000000 0.000000 2.500000 0.180000 0.116230 
0.120000 20.000000 0.000000 2.500000 0.180000 0.117064 
0.120000 20.000000 0.000000 2.500000 0.180000 0.116569 
0.120000 20.000000 0.000000 2.500000 0.180000 0.133564 
0.120000 20.000000 0.000000 2.750000 0.120000 0.000000 
0.120000 20.000000 0.000000 2.750000 0.120000 0.000000 
0.120000 20.000000 0.000000 2.750000 0.120000 0.000000 
0.120000 20.000000 0.000000 2.750000 0.120000 0.000000 
0.120000 20.000000 0.000000 2.750000 0.120000 0.000000 
0.120000 20.000000 0.000000 2.750000 0.120000 0.000000 
0.120000 20.000000 0.000000 2.750000 0.120000 0.000000 
0.120000 20.000000 0.000000 2.750000 0.120000 0.000000 
0.120000 20.000000 0.000000 2.750000 0.120000 0.000000 
0.120000 20.000000 0.000000 2.750000 0.120000 0.000000 
0.120000 20.000000 0.000000 2.750000 0.150000 0.000000 
0.120000 20.000000 0.000000 2.750000 0.150000 0.010140 
0.120000 20.000000 0.000000 2.750000 0.150000 0.013249 
0.120000 20.000000 0.000000 2.750000 0.150000 0.013652 
0.120000 20.000000 0.000000 2.750000 0.150000 0.045501 
0.120000 20.000000 0.000000 2.750000 0.150000 0.056380 
0.120000 20.000000 0.000000 2.750000 0.150000 0.057253 
0.120000 20.000000 0.000000 2.750000 0.150000 0.057402 
0.120000 20.000000 0.000000 2.750000 0.150000 0.068874 
0.120000 20.000000 0.000000 2.750000 0.150000 0.095547 
0.120000 20.000000 0.000000 2.750000 0.180000 0.077282 
0.120000 20.000000 0.000000 2.750000 0.180000 0.122074 
0.120000 20.000000 0.000000 2.750000 0.180000 0.133691 
0.120000 20.000000 0.000000 2.750000 0.180000 0.132074 
0.120000 20.000000 0.000000 2.750000 0.180000 0.131999 
0.120000 20.000000 0.000000 2.750000 0.180000 0.145798 
0.120000 20.000000 0.000000 2.750000 0.180000 0.148027 
0.120000 20.000000 0.000000 2.750000 0.180000 0.147435 
0.120000 20.000000 0.000000 2.750000 0.180000 0.148027 
0.120000 20.000000 0.000000 2.750000 0.180000 0.147435 
