10.000000 0.002340
10.000000 0.000000
10.000000 0.000000
10.000000 0.000000
10.000000 0.000000
10.000000 0.000000
20.000000 0.002340
20.000000 0.000000
20.000000 0.000000
20.000000 0.000000
20.000000 0.000000
20.000000 0.000000
30.000000 0.002340
30.000000 0.000000
30.000000 0.000000
30.000000 0.000000
30.000000 0.000000
30.000000 0.000000
40.000000 0.001292
40.000000 0.011810
40.000000 0.016074
40.000000 0.000000
40.000000 0.025508
40.000000 0.034801
50.000000 0.017207
50.000000 0.012370
50.000000 0.041087
50.000000 0.011755
50.000000 0.048105
50.000000 0.004027
60.000000 0.000000
60.000000 0.006507
60.000000 0.023880
60.000000 0.045693
60.000000 0.039512
60.000000 0.096055
70.000000 0.049495
70.000000 0.117334
70.000000 0.046589
70.000000 0.060654
70.000000 0.091982
70.000000 0.159508
80.000000 0.087806
80.000000 0.206162
80.000000 0.219730
80.000000 0.112142
80.000000 0.093151
80.000000 0.137067
90.000000 0.213262
90.000000 0.145244
90.000000 0.185007
90.000000 0.173997
90.000000 0.185007
90.000000 0.173997
