0.120000 20.000000 90.000000 2.250000 0.120000 0.012640 
0.120000 20.000000 90.000000 2.250000 0.120000 0.019076 
0.120000 20.000000 90.000000 2.250000 0.120000 0.018926 
0.120000 20.000000 90.000000 2.250000 0.120000 0.030273 
0.120000 20.000000 90.000000 2.250000 0.120000 0.030163 
0.120000 20.000000 90.000000 2.250000 0.120000 0.029779 
0.120000 20.000000 90.000000 2.250000 0.120000 0.032467 
0.120000 20.000000 90.000000 2.250000 0.120000 0.032568 
0.120000 20.000000 90.000000 2.250000 0.120000 0.032103 
0.120000 20.000000 90.000000 2.250000 0.120000 0.032220 
0.120000 20.000000 90.000000 2.250000 0.150000 0.016589 
0.120000 20.000000 90.000000 2.250000 0.150000 0.023877 
0.120000 20.000000 90.000000 2.250000 0.150000 0.026016 
0.120000 20.000000 90.000000 2.250000 0.150000 0.038216 
0.120000 20.000000 90.000000 2.250000 0.150000 0.047734 
0.120000 20.000000 90.000000 2.250000 0.150000 0.049082 
0.120000 20.000000 90.000000 2.250000 0.150000 0.079424 
0.120000 20.000000 90.000000 2.250000 0.150000 0.088727 
0.120000 20.000000 90.000000 2.250000 0.150000 0.088216 
0.120000 20.000000 90.000000 2.250000 0.150000 0.093480 
0.120000 20.000000 90.000000 2.250000 0.180000 0.023379 
0.120000 20.000000 90.000000 2.250000 0.180000 0.039222 
0.120000 20.000000 90.000000 2.250000 0.180000 0.040007 
0.120000 20.000000 90.000000 2.250000 0.180000 0.048258 
0.120000 20.000000 90.000000 2.250000 0.180000 0.048441 
0.120000 20.000000 90.000000 2.250000 0.180000 0.048102 
0.120000 20.000000 90.000000 2.250000 0.180000 0.077809 
0.120000 20.000000 90.000000 2.250000 0.180000 0.078503 
0.120000 20.000000 90.000000 2.250000 0.180000 0.078359 
0.120000 20.000000 90.000000 2.250000 0.180000 0.094134 
0.120000 20.000000 90.000000 2.500000 0.120000 0.043460 
0.120000 20.000000 90.000000 2.500000 0.120000 0.054775 
0.120000 20.000000 90.000000 2.500000 0.120000 0.054414 
0.120000 20.000000 90.000000 2.500000 0.120000 0.054225 
0.120000 20.000000 90.000000 2.500000 0.120000 0.061771 
0.120000 20.000000 90.000000 2.500000 0.120000 0.061777 
0.120000 20.000000 90.000000 2.500000 0.120000 0.089300 
0.120000 20.000000 90.000000 2.500000 0.120000 0.089229 
0.120000 20.000000 90.000000 2.500000 0.120000 0.089710 
0.120000 20.000000 90.000000 2.500000 0.120000 0.088568 
0.120000 20.000000 90.000000 2.500000 0.150000 0.026120 
0.120000 20.000000 90.000000 2.500000 0.150000 0.025745 
0.120000 20.000000 90.000000 2.500000 0.150000 0.027262 
0.120000 20.000000 90.000000 2.500000 0.150000 0.069274 
0.120000 20.000000 90.000000 2.500000 0.150000 0.069541 
0.120000 20.000000 90.000000 2.500000 0.150000 0.069515 
0.120000 20.000000 90.000000 2.500000 0.150000 0.073040 
0.120000 20.000000 90.000000 2.500000 0.150000 0.073154 
0.120000 20.000000 90.000000 2.500000 0.150000 0.074398 
0.120000 20.000000 90.000000 2.500000 0.150000 0.074733 
0.120000 20.000000 90.000000 2.500000 0.180000 0.062572 
0.120000 20.000000 90.000000 2.500000 0.180000 0.077689 
0.120000 20.000000 90.000000 2.500000 0.180000 0.077627 
0.120000 20.000000 90.000000 2.500000 0.180000 0.076475 
0.120000 20.000000 90.000000 2.500000 0.180000 0.093815 
0.120000 20.000000 90.000000 2.500000 0.180000 0.097611 
0.120000 20.000000 90.000000 2.500000 0.180000 0.095651 
0.120000 20.000000 90.000000 2.500000 0.180000 0.096986 
0.120000 20.000000 90.000000 2.500000 0.180000 0.095918 
0.120000 20.000000 90.000000 2.500000 0.180000 0.110000 
0.120000 20.000000 90.000000 2.750000 0.120000 0.000000 
0.120000 20.000000 90.000000 2.750000 0.120000 0.000000 
0.120000 20.000000 90.000000 2.750000 0.120000 0.008216 
0.120000 20.000000 90.000000 2.750000 0.120000 0.008008 
0.120000 20.000000 90.000000 2.750000 0.120000 0.015029 
0.120000 20.000000 90.000000 2.750000 0.120000 0.015150 
0.120000 20.000000 90.000000 2.750000 0.120000 0.017689 
0.120000 20.000000 90.000000 2.750000 0.120000 0.017445 
0.120000 20.000000 90.000000 2.750000 0.120000 0.024740 
0.120000 20.000000 90.000000 2.750000 0.120000 0.024850 
0.120000 20.000000 90.000000 2.750000 0.150000 0.002559 
0.120000 20.000000 90.000000 2.750000 0.150000 0.002461 
0.120000 20.000000 90.000000 2.750000 0.150000 0.025371 
0.120000 20.000000 90.000000 2.750000 0.150000 0.025465 
0.120000 20.000000 90.000000 2.750000 0.150000 0.025456 
0.120000 20.000000 90.000000 2.750000 0.150000 0.036426 
0.120000 20.000000 90.000000 2.750000 0.150000 0.040990 
0.120000 20.000000 90.000000 2.750000 0.150000 0.040778 
0.120000 20.000000 90.000000 2.750000 0.150000 0.046243 
0.120000 20.000000 90.000000 2.750000 0.150000 0.051396 
0.120000 20.000000 90.000000 2.750000 0.180000 0.058818 
0.120000 20.000000 90.000000 2.750000 0.180000 0.071566 
0.120000 20.000000 90.000000 2.750000 0.180000 0.070788 
0.120000 20.000000 90.000000 2.750000 0.180000 0.071374 
0.120000 20.000000 90.000000 2.750000 0.180000 0.089281 
0.120000 20.000000 90.000000 2.750000 0.180000 0.089287 
0.120000 20.000000 90.000000 2.750000 0.180000 0.088910 
0.120000 20.000000 90.000000 2.750000 0.180000 0.105081 
0.120000 20.000000 90.000000 2.750000 0.180000 0.103968 
0.120000 20.000000 90.000000 2.750000 0.180000 0.104681 
0.120000 30.000000 90.000000 2.250000 0.120000 0.030684 
0.120000 30.000000 90.000000 2.250000 0.120000 0.041543 
0.120000 30.000000 90.000000 2.250000 0.120000 0.060189 
0.120000 30.000000 90.000000 2.250000 0.120000 0.060146 
0.120000 30.000000 90.000000 2.250000 0.120000 0.060133 
0.120000 30.000000 90.000000 2.250000 0.120000 0.063180 
0.120000 30.000000 90.000000 2.250000 0.120000 0.063236 
0.120000 30.000000 90.000000 2.250000 0.120000 0.064577 
0.120000 30.000000 90.000000 2.250000 0.120000 0.070596 
0.120000 30.000000 90.000000 2.250000 0.120000 0.070384 
0.120000 30.000000 90.000000 2.250000 0.150000 0.049004 
0.120000 30.000000 90.000000 2.250000 0.150000 0.048971 
0.120000 30.000000 90.000000 2.250000 0.150000 0.049580 
0.120000 30.000000 90.000000 2.250000 0.150000 0.066130 
0.120000 30.000000 90.000000 2.250000 0.150000 0.069997 
0.120000 30.000000 90.000000 2.250000 0.150000 0.071403 
0.120000 30.000000 90.000000 2.250000 0.150000 0.095182 
0.120000 30.000000 90.000000 2.250000 0.150000 0.095176 
0.120000 30.000000 90.000000 2.250000 0.150000 0.094619 
0.120000 30.000000 90.000000 2.250000 0.150000 0.101455 
0.120000 30.000000 90.000000 2.250000 0.180000 0.080505 
0.120000 30.000000 90.000000 2.250000 0.180000 0.083060 
0.120000 30.000000 90.000000 2.250000 0.180000 0.082279 
0.120000 30.000000 90.000000 2.250000 0.180000 0.089925 
0.120000 30.000000 90.000000 2.250000 0.180000 0.089674 
0.120000 30.000000 90.000000 2.250000 0.180000 0.108880 
0.120000 30.000000 90.000000 2.250000 0.180000 0.107949 
0.120000 30.000000 90.000000 2.250000 0.180000 0.108167 
0.120000 30.000000 90.000000 2.250000 0.180000 0.124329 
0.120000 30.000000 90.000000 2.250000 0.180000 0.124658 
0.120000 30.000000 90.000000 2.500000 0.120000 0.029587 
0.120000 30.000000 90.000000 2.500000 0.120000 0.029551 
0.120000 30.000000 90.000000 2.500000 0.120000 0.029535 
0.120000 30.000000 90.000000 2.500000 0.120000 0.030358 
0.120000 30.000000 90.000000 2.500000 0.120000 0.030117 
0.120000 30.000000 90.000000 2.500000 0.120000 0.042630 
0.120000 30.000000 90.000000 2.500000 0.120000 0.043861 
0.120000 30.000000 90.000000 2.500000 0.120000 0.042454 
0.120000 30.000000 90.000000 2.500000 0.120000 0.046357 
0.120000 30.000000 90.000000 2.500000 0.120000 0.046338 
0.120000 30.000000 90.000000 2.500000 0.150000 0.073060 
0.120000 30.000000 90.000000 2.500000 0.150000 0.077516 
0.120000 30.000000 90.000000 2.500000 0.150000 0.077598 
0.120000 30.000000 90.000000 2.500000 0.150000 0.089674 
0.120000 30.000000 90.000000 2.500000 0.150000 0.091868 
0.120000 30.000000 90.000000 2.500000 0.150000 0.090277 
0.120000 30.000000 90.000000 2.500000 0.150000 0.103916 
0.120000 30.000000 90.000000 2.500000 0.150000 0.104450 
0.120000 30.000000 90.000000 2.500000 0.150000 0.105091 
0.120000 30.000000 90.000000 2.500000 0.150000 0.108473 
0.120000 30.000000 90.000000 2.500000 0.180000 0.086553 
0.120000 30.000000 90.000000 2.500000 0.180000 0.089414 
0.120000 30.000000 90.000000 2.500000 0.180000 0.087406 
0.120000 30.000000 90.000000 2.500000 0.180000 0.118314 
0.120000 30.000000 90.000000 2.500000 0.180000 0.118001 
0.120000 30.000000 90.000000 2.500000 0.180000 0.117809 
0.120000 30.000000 90.000000 2.500000 0.180000 0.126807 
0.120000 30.000000 90.000000 2.500000 0.180000 0.128092 
0.120000 30.000000 90.000000 2.500000 0.180000 0.131839 
0.120000 30.000000 90.000000 2.500000 0.180000 0.128490 
0.120000 30.000000 90.000000 2.750000 0.120000 0.056559 
0.120000 30.000000 90.000000 2.750000 0.120000 0.077021 
0.120000 30.000000 90.000000 2.750000 0.120000 0.104336 
0.120000 30.000000 90.000000 2.750000 0.120000 0.103887 
0.120000 30.000000 90.000000 2.750000 0.120000 0.104001 
0.120000 30.000000 90.000000 2.750000 0.120000 0.108743 
0.120000 30.000000 90.000000 2.750000 0.120000 0.108656 
0.120000 30.000000 90.000000 2.750000 0.120000 0.108867 
0.120000 30.000000 90.000000 2.750000 0.120000 0.109456 
0.120000 30.000000 90.000000 2.750000 0.120000 0.109453 
0.120000 30.000000 90.000000 2.750000 0.150000 0.057116 
0.120000 30.000000 90.000000 2.750000 0.150000 0.063818 
0.120000 30.000000 90.000000 2.750000 0.150000 0.063421 
0.120000 30.000000 90.000000 2.750000 0.150000 0.096644 
0.120000 30.000000 90.000000 2.750000 0.150000 0.099821 
0.120000 30.000000 90.000000 2.750000 0.150000 0.097839 
0.120000 30.000000 90.000000 2.750000 0.150000 0.123320 
0.120000 30.000000 90.000000 2.750000 0.150000 0.125342 
0.120000 30.000000 90.000000 2.750000 0.150000 0.125872 
0.120000 30.000000 90.000000 2.750000 0.150000 0.129570 
0.120000 40.000000 90.000000 2.250000 0.120000 0.041729 
0.120000 40.000000 90.000000 2.250000 0.120000 0.071927 
0.120000 40.000000 90.000000 2.250000 0.120000 0.076904 
0.120000 40.000000 90.000000 2.250000 0.120000 0.090303 
0.120000 40.000000 90.000000 2.250000 0.120000 0.101572 
0.120000 40.000000 90.000000 2.250000 0.120000 0.097536 
0.120000 40.000000 90.000000 2.250000 0.120000 0.134775 
0.120000 40.000000 90.000000 2.250000 0.120000 0.134736 
0.120000 40.000000 90.000000 2.250000 0.120000 0.126302 
0.120000 40.000000 90.000000 2.250000 0.120000 0.135999 
0.120000 40.000000 90.000000 2.250000 0.150000 0.112936 
0.120000 40.000000 90.000000 2.250000 0.150000 0.113086 
0.120000 40.000000 90.000000 2.250000 0.150000 0.112253 
0.120000 40.000000 90.000000 2.250000 0.150000 0.141680 
0.120000 40.000000 90.000000 2.250000 0.150000 0.139163 
0.120000 40.000000 90.000000 2.250000 0.150000 0.143695 
0.120000 40.000000 90.000000 2.250000 0.150000 0.146104 
0.120000 40.000000 90.000000 2.250000 0.150000 0.143936 
0.120000 40.000000 90.000000 2.250000 0.150000 0.143151 
0.120000 40.000000 90.000000 2.250000 0.150000 0.143177 
0.120000 40.000000 90.000000 2.500000 0.120000 0.046842 
0.120000 40.000000 90.000000 2.500000 0.120000 0.049772 
0.120000 40.000000 90.000000 2.500000 0.120000 0.049701 
0.120000 40.000000 90.000000 2.500000 0.120000 0.117204 
0.120000 40.000000 90.000000 2.500000 0.120000 0.120153 
0.120000 40.000000 90.000000 2.500000 0.120000 0.120472 
0.120000 40.000000 90.000000 2.500000 0.120000 0.126022 
0.120000 40.000000 90.000000 2.500000 0.120000 0.135098 
0.120000 40.000000 90.000000 2.500000 0.120000 0.137930 
0.120000 40.000000 90.000000 2.500000 0.120000 0.138102 
