0.120000 30.000000 0.000000 2.500000 0.120000 0.007181 
0.120000 30.000000 0.000000 2.500000 0.120000 0.009600 
0.120000 30.000000 0.000000 2.500000 0.120000 0.017891 
0.120000 30.000000 0.000000 2.500000 0.120000 0.019707 
0.120000 30.000000 0.000000 2.500000 0.120000 0.026172 
0.120000 30.000000 0.000000 2.500000 0.120000 0.026429 
0.120000 30.000000 0.000000 2.500000 0.120000 0.024043 
0.120000 30.000000 0.000000 2.500000 0.120000 0.023919 
0.120000 30.000000 0.000000 2.500000 0.120000 0.029368 
0.120000 30.000000 0.000000 2.500000 0.120000 0.030391 
0.120000 30.000000 0.000000 2.500000 0.150000 0.022773 
0.120000 30.000000 0.000000 2.500000 0.150000 0.056367 
0.120000 30.000000 0.000000 2.500000 0.150000 0.082552 
0.120000 30.000000 0.000000 2.500000 0.150000 0.081829 
0.120000 30.000000 0.000000 2.500000 0.150000 0.089215 
0.120000 30.000000 0.000000 2.500000 0.150000 0.115537 
0.120000 30.000000 0.000000 2.500000 0.150000 0.115137 
0.120000 30.000000 0.000000 2.500000 0.150000 0.116455 
0.120000 30.000000 0.000000 2.500000 0.150000 0.121608 
0.120000 30.000000 0.000000 2.500000 0.150000 0.120938 
0.120000 30.000000 0.000000 2.500000 0.180000 0.114290 
0.120000 30.000000 0.000000 2.500000 0.180000 0.140247 
0.120000 30.000000 0.000000 2.500000 0.180000 0.140042 
0.120000 30.000000 0.000000 2.500000 0.180000 0.140342 
0.120000 30.000000 0.000000 2.500000 0.180000 0.145273 
0.120000 30.000000 0.000000 2.500000 0.180000 0.150195 
0.120000 30.000000 0.000000 2.500000 0.180000 0.150286 
0.120000 30.000000 0.000000 2.500000 0.180000 0.149121 
0.120000 30.000000 0.000000 2.500000 0.180000 0.151208 
0.120000 30.000000 0.000000 2.500000 0.180000 0.149681  
0.120000 30.000000 0.000000 2.250000 0.120000 0.007373 
0.120000 30.000000 0.000000 2.250000 0.120000 0.008262 
0.120000 30.000000 0.000000 2.250000 0.120000 0.028122 
0.120000 30.000000 0.000000 2.250000 0.120000 0.028298 
0.120000 30.000000 0.000000 2.250000 0.120000 0.028047 
0.120000 30.000000 0.000000 2.250000 0.120000 0.027952 
0.120000 30.000000 0.000000 2.250000 0.120000 0.026683 
0.120000 30.000000 0.000000 2.250000 0.120000 0.030605 
0.120000 30.000000 0.000000 2.250000 0.120000 0.030039 
0.120000 30.000000 0.000000 2.250000 0.120000 0.037529 
0.120000 30.000000 0.000000 2.250000 0.150000 0.036709 
0.120000 30.000000 0.000000 2.250000 0.150000 0.068125 
0.120000 30.000000 0.000000 2.250000 0.150000 0.073441 
0.120000 30.000000 0.000000 2.250000 0.150000 0.109928 
0.120000 30.000000 0.000000 2.250000 0.150000 0.114772 
0.120000 30.000000 0.000000 2.250000 0.150000 0.114850 
0.120000 30.000000 0.000000 2.250000 0.150000 0.125020 
0.120000 30.000000 0.000000 2.250000 0.150000 0.126165 
0.120000 30.000000 0.000000 2.250000 0.150000 0.124746 
0.120000 30.000000 0.000000 2.250000 0.150000 0.128512 
0.120000 30.000000 0.000000 2.250000 0.180000 0.093499 
0.120000 30.000000 0.000000 2.250000 0.180000 0.100046 
0.120000 30.000000 0.000000 2.250000 0.180000 0.099521 
0.120000 30.000000 0.000000 2.250000 0.180000 0.127663 
0.120000 30.000000 0.000000 2.250000 0.180000 0.126706 
0.120000 30.000000 0.000000 2.250000 0.180000 0.124860 
0.120000 30.000000 0.000000 2.250000 0.180000 0.135898 
0.120000 30.000000 0.000000 2.250000 0.180000 0.136019 
0.120000 30.000000 0.000000 2.250000 0.180000 0.135859 
0.120000 30.000000 0.000000 2.250000 0.180000 0.135781 
0.120000 30.000000 0.000000 2.750000 0.120000 0.004300 
0.120000 30.000000 0.000000 2.750000 0.120000 0.030752 
0.120000 30.000000 0.000000 2.750000 0.120000 0.040638 
0.120000 30.000000 0.000000 2.750000 0.120000 0.038913 
0.120000 30.000000 0.000000 2.750000 0.120000 0.047620 
0.120000 30.000000 0.000000 2.750000 0.120000 0.069844 
0.120000 30.000000 0.000000 2.750000 0.120000 0.079831 
0.120000 30.000000 0.000000 2.750000 0.120000 0.092292 
0.120000 30.000000 0.000000 2.750000 0.120000 0.092305 
0.120000 30.000000 0.000000 2.750000 0.120000 0.093877 
0.120000 30.000000 0.000000 2.750000 0.150000 0.043132 
0.120000 30.000000 0.000000 2.750000 0.150000 0.062357 
0.120000 30.000000 0.000000 2.750000 0.150000 0.063227 
0.120000 30.000000 0.000000 2.750000 0.150000 0.107979 
0.120000 30.000000 0.000000 2.750000 0.150000 0.115306 
0.120000 30.000000 0.000000 2.750000 0.150000 0.116924 
0.120000 30.000000 0.000000 2.750000 0.150000 0.112282 
0.120000 30.000000 0.000000 2.750000 0.150000 0.117686 
0.120000 30.000000 0.000000 2.750000 0.150000 0.122007 
0.120000 30.000000 0.000000 2.750000 0.150000 0.122122 
0.120000 30.000000 0.000000 2.750000 0.180000 0.114300 
0.120000 30.000000 0.000000 2.750000 0.180000 0.120221 
0.120000 30.000000 0.000000 2.750000 0.180000 0.120872 
0.120000 30.000000 0.000000 2.750000 0.180000 0.121325 
0.120000 30.000000 0.000000 2.750000 0.180000 0.122467 
0.120000 30.000000 0.000000 2.750000 0.180000 0.124567 
0.120000 30.000000 0.000000 2.750000 0.180000 0.125260 
0.120000 30.000000 0.000000 2.750000 0.180000 0.122806 
0.120000 30.000000 0.000000 2.750000 0.180000 0.123597 
0.120000 30.000000 0.000000 2.750000 0.180000 0.125807 
0.120000 40.000000 0.000000 2.750000 0.120000 0.078431 
0.120000 40.000000 0.000000 2.750000 0.120000 0.102087 
0.120000 40.000000 0.000000 2.750000 0.120000 0.101305 
0.120000 40.000000 0.000000 2.750000 0.120000 0.100993 
0.120000 40.000000 0.000000 2.750000 0.120000 0.134971 
0.120000 40.000000 0.000000 2.750000 0.120000 0.135654 
0.120000 40.000000 0.000000 2.750000 0.120000 0.138180 
0.120000 40.000000 0.000000 2.750000 0.120000 0.131660 
0.120000 40.000000 0.000000 2.750000 0.120000 0.135635 
0.120000 40.000000 0.000000 2.750000 0.120000 0.135680 
0.120000 40.000000 0.000000 2.750000 0.150000 0.141771 
0.120000 40.000000 0.000000 2.750000 0.150000 0.162464 
0.120000 40.000000 0.000000 2.750000 0.150000 0.152884 
0.120000 40.000000 0.000000 2.750000 0.150000 0.161260 
0.120000 40.000000 0.000000 2.750000 0.150000 0.176966 
0.120000 40.000000 0.000000 2.750000 0.150000 0.177793 
0.120000 40.000000 0.000000 2.750000 0.150000 0.178646 
0.120000 40.000000 0.000000 2.750000 0.150000 0.178695 
0.120000 40.000000 0.000000 2.750000 0.150000 0.178467 
0.120000 40.000000 0.000000 2.750000 0.150000 0.177653 
0.120000 40.000000 0.000000 2.250000 0.120000 0.067132 
0.120000 40.000000 0.000000 2.250000 0.120000 0.067878 
0.120000 40.000000 0.000000 2.250000 0.120000 0.087354 
0.120000 40.000000 0.000000 2.250000 0.120000 0.094733 
0.120000 40.000000 0.000000 2.250000 0.120000 0.114870 
0.120000 40.000000 0.000000 2.250000 0.120000 0.120163 
0.120000 40.000000 0.000000 2.250000 0.120000 0.129603 
0.120000 40.000000 0.000000 2.250000 0.120000 0.130085 
0.120000 40.000000 0.000000 2.250000 0.120000 0.130208 
0.120000 40.000000 0.000000 2.250000 0.120000 0.149688 
0.120000 40.000000 0.000000 2.250000 0.150000 0.064053 
0.120000 40.000000 0.000000 2.250000 0.150000 0.085586 
0.120000 40.000000 0.000000 2.250000 0.150000 0.084655 
0.120000 40.000000 0.000000 2.250000 0.150000 0.084466 
0.120000 40.000000 0.000000 2.250000 0.150000 0.116462 
0.120000 40.000000 0.000000 2.250000 0.150000 0.122559 
0.120000 40.000000 0.000000 2.250000 0.150000 0.118135 
0.120000 40.000000 0.000000 2.250000 0.150000 0.141761 
0.120000 40.000000 0.000000 2.250000 0.150000 0.146146 
0.120000 40.000000 0.000000 2.250000 0.150000 0.146390 
0.120000 40.000000 0.000000 2.250000 0.180000 0.148851 
0.120000 40.000000 0.000000 2.250000 0.180000 0.148910 
0.120000 40.000000 0.000000 2.250000 0.180000 0.149596 
0.120000 40.000000 0.000000 2.250000 0.180000 0.148242 
0.120000 40.000000 0.000000 2.250000 0.180000 0.150068 
0.120000 40.000000 0.000000 2.250000 0.180000 0.151165 
0.120000 40.000000 0.000000 2.250000 0.180000 0.151501 
0.120000 40.000000 0.000000 2.250000 0.180000 0.151074 
0.120000 40.000000 0.000000 2.250000 0.180000 0.149701 
0.120000 40.000000 0.000000 2.250000 0.180000 0.150697 
0.120000 40.000000 0.000000 2.500000 0.120000 0.055459 
0.120000 40.000000 0.000000 2.500000 0.120000 0.060202 
0.120000 40.000000 0.000000 2.500000 0.120000 0.073379 
0.120000 40.000000 0.000000 2.500000 0.120000 0.065244 
0.120000 40.000000 0.000000 2.500000 0.120000 0.109759 
0.120000 40.000000 0.000000 2.500000 0.120000 0.107975 
0.120000 40.000000 0.000000 2.500000 0.120000 0.106068 
0.120000 40.000000 0.000000 2.500000 0.120000 0.122100 
0.120000 40.000000 0.000000 2.500000 0.120000 0.120137 
0.120000 40.000000 0.000000 2.500000 0.120000 0.120423  
0.120000 40.000000 0.000000 2.250000 0.120000 0.041755 
0.120000 40.000000 0.000000 2.250000 0.120000 0.040368 
0.120000 40.000000 0.000000 2.250000 0.120000 0.044665 
0.120000 40.000000 0.000000 2.250000 0.120000 0.083812 
0.120000 40.000000 0.000000 2.250000 0.120000 0.083802 
0.120000 40.000000 0.000000 2.250000 0.120000 0.090192 
0.120000 40.000000 0.000000 2.250000 0.120000 0.101191 
0.120000 40.000000 0.000000 2.250000 0.120000 0.105495 
0.120000 40.000000 0.000000 2.250000 0.120000 0.111628 
0.120000 40.000000 0.000000 2.250000 0.120000 0.108747 
0.120000 40.000000 0.000000 2.250000 0.150000 0.072018 
0.120000 40.000000 0.000000 2.250000 0.150000 0.069674 
0.120000 40.000000 0.000000 2.250000 0.150000 0.071458 
0.120000 40.000000 0.000000 2.250000 0.150000 0.097288 
0.120000 40.000000 0.000000 2.250000 0.150000 0.096820 
0.120000 40.000000 0.000000 2.250000 0.150000 0.097894 
0.120000 40.000000 0.000000 2.250000 0.150000 0.101344 
0.120000 40.000000 0.000000 2.250000 0.150000 0.100941 
0.120000 40.000000 0.000000 2.250000 0.150000 0.102848 
0.120000 40.000000 0.000000 2.250000 0.150000 0.103021 
0.120000 40.000000 0.000000 2.250000 0.180000 0.120628 
0.120000 40.000000 0.000000 2.250000 0.180000 0.111107 
0.120000 40.000000 0.000000 2.250000 0.180000 0.112803 
0.120000 40.000000 0.000000 2.250000 0.180000 0.116465 
0.120000 40.000000 0.000000 2.250000 0.180000 0.116986 
0.120000 40.000000 0.000000 2.250000 0.180000 0.109684 
0.120000 40.000000 0.000000 2.250000 0.180000 0.109863 
0.120000 40.000000 0.000000 2.250000 0.180000 0.113564 
0.120000 40.000000 0.000000 2.250000 0.180000 0.112249 
0.120000 40.000000 0.000000 2.250000 0.180000 0.111631 
