10.000000 0.000000
10.000000 0.000000
10.000000 0.000000
10.000000 0.000000
10.000000 0.000000
10.000000 0.000000
20.000000 0.000560
20.000000 0.000208
20.000000 0.000212
20.000000 0.000439
20.000000 0.000182
20.000000 0.000234
30.000000 0.000143
30.000000 0.000133
30.000000 0.000111
30.000000 0.000755
30.000000 0.001624
30.000000 0.000241
40.000000 0.004548
40.000000 0.000098
40.000000 0.000062
40.000000 0.000000
40.000000 0.000000
40.000000 0.000000
50.000000 0.000000
50.000000 0.000000
50.000000 0.000000
50.000000 0.000000
50.000000 0.003467
50.000000 0.009740
60.000000 0.049089
60.000000 0.059053
60.000000 0.011296
60.000000 0.104206
60.000000 0.173496
60.000000 0.168255
70.000000 0.154264
70.000000 0.182194
70.000000 0.158236
70.000000 0.113548
70.000000 0.134583
70.000000 0.135316
80.000000 0.121045
80.000000 0.157715
80.000000 0.118535
80.000000 0.121045
80.000000 0.157715
80.000000 0.118535
90.000000 0.131045
90.000000 0.157715
90.000000 0.128535
90.000000 0.141045
90.000000 0.157715
90.000000 0.118535
