10.000000 0.000000
10.000000 0.000000
10.000000 0.000000
10.000000 0.000000
10.000000 0.000000
10.000000 0.000000
20.000000 0.000000
20.000000 0.000000
20.000000 0.000000
20.000000 0.000000
20.000000 0.000000
20.000000 0.000000
30.000000 0.000000
30.000000 0.000000
30.000000 0.000000
30.000000 0.000000
30.000000 0.000000
30.000000 0.000000
40.000000 0.000000
40.000000 0.000000
40.000000 0.000000
40.000000 0.000000
40.000000 0.000000
40.000000 0.000000
50.000000 0.010254
50.000000 0.010150
50.000000 0.011842
50.000000 0.013874
50.000000 0.012207
50.000000 0.013317
60.000000 0.023343
60.000000 0.022109
60.000000 0.020775
60.000000 0.024834
60.000000 0.023408
60.000000 0.021318
70.000000 0.028141
70.000000 0.029180
70.000000 0.026429
70.000000 0.024294
70.000000 0.026442
70.000000 0.025391
80.000000 0.035036
80.000000 0.036719
80.000000 0.032744
80.000000 0.036396
80.000000 0.037158
80.000000 0.035365
90.000000 0.035036
90.000000 0.036719
90.000000 0.038744
90.000000 0.036396
90.000000 0.037158
90.000000 0.039365
