0.000000 0.000000
1.000000 0.000000
2.000000 0.000000
3.000000 0.000000
4.000000 0.000000
5.000000 0.000000
6.000000 0.000000
7.000000 0.000000
8.000000 0.000000
9.000000 0.000000
10.000000 0.000000
11.000000 0.000000
12.000000 0.000000
13.000000 0.000000
14.000000 0.000000
0.000000 0.014206
1.000000 0.018828
2.000000 0.027419
3.000000 0.013623
4.000000 0.013493
5.000000 0.014232
6.000000 0.014284
7.000000 0.014115
8.000000 0.013525
9.000000 0.031068
0.000000 0.002594
1.000000 0.004421
2.000000 0.004971
3.000000 0.004980
4.000000 0.005000
5.000000 0.005179
0.000000 0.002907
1.000000 0.026937
2.000000 0.027679
3.000000 0.025745
4.000000 0.026696
5.000000 0.026637
