0.120000 30.000000 0.000000 2.500000 0.090000 0.000000 
0.120000 30.000000 0.000000 2.500000 0.090000 0.000000 
0.120000 30.000000 0.000000 2.500000 0.090000 0.000000 
0.120000 30.000000 0.000000 2.500000 0.090000 0.000000 
0.120000 30.000000 0.000000 2.500000 0.090000 0.000000 
0.120000 30.000000 0.000000 2.500000 0.090000 0.000000 
0.120000 30.000000 0.000000 2.500000 0.090000 0.000000 
0.120000 30.000000 0.000000 2.500000 0.090000 0.000000 
0.120000 30.000000 0.000000 2.500000 0.090000 0.000000 
0.120000 30.000000 0.000000 2.500000 0.090000 0.000000 
0.120000 30.000000 0.000000 2.500000 0.120000 0.000000 
0.120000 30.000000 0.000000 2.500000 0.120000 0.007441 
0.120000 30.000000 0.000000 2.500000 0.120000 0.007311 
0.120000 30.000000 0.000000 2.500000 0.120000 0.007357 
0.120000 30.000000 0.000000 2.500000 0.120000 0.007503 
0.120000 30.000000 0.000000 2.500000 0.120000 0.007301 
0.120000 30.000000 0.000000 2.500000 0.120000 0.007441 
0.120000 30.000000 0.000000 2.500000 0.120000 0.007269 
0.120000 30.000000 0.000000 2.500000 0.120000 0.007201 
0.120000 30.000000 0.000000 2.500000 0.120000 0.007419 
0.120000 30.000000 0.000000 2.500000 0.150000 0.008919 
0.120000 30.000000 0.000000 2.500000 0.150000 0.008994 
0.120000 30.000000 0.000000 2.500000 0.150000 0.009007 
0.120000 30.000000 0.000000 2.500000 0.150000 0.008913 
0.120000 30.000000 0.000000 2.500000 0.150000 0.008867 
0.120000 30.000000 0.000000 2.500000 0.150000 0.008971 
0.120000 30.000000 0.000000 2.500000 0.150000 0.009036 
0.120000 30.000000 0.000000 2.500000 0.150000 0.009023 
0.120000 30.000000 0.000000 2.500000 0.150000 0.008877 
0.120000 30.000000 0.000000 2.500000 0.150000 0.009030 
0.120000 30.000000 0.000000 2.750000 0.090000 0.000215 
0.120000 30.000000 0.000000 2.750000 0.090000 0.000326 
0.120000 30.000000 0.000000 2.750000 0.090000 0.000397 
0.120000 30.000000 0.000000 2.750000 0.090000 0.000762 
0.120000 30.000000 0.000000 2.750000 0.090000 0.000693 
0.120000 30.000000 0.000000 2.750000 0.090000 0.000749 
0.120000 30.000000 0.000000 2.750000 0.090000 0.000742 
0.120000 30.000000 0.000000 2.750000 0.090000 0.000000 
0.120000 30.000000 0.000000 2.750000 0.090000 0.000000 
0.120000 30.000000 0.000000 2.750000 0.090000 0.000000 
0.120000 30.000000 0.000000 2.750000 0.120000 0.000000 
0.120000 30.000000 0.000000 2.750000 0.120000 0.000000 
0.120000 30.000000 0.000000 2.750000 0.120000 0.000000 
0.120000 30.000000 0.000000 2.750000 0.120000 0.000000 
0.120000 30.000000 0.000000 2.750000 0.120000 0.000000 
0.120000 30.000000 0.000000 2.750000 0.120000 0.000000 
0.120000 30.000000 0.000000 2.750000 0.120000 0.000000 
0.120000 30.000000 0.000000 2.750000 0.120000 0.000000 
0.120000 30.000000 0.000000 2.750000 0.120000 0.000000 
0.120000 30.000000 0.000000 2.750000 0.120000 0.000000 
0.120000 30.000000 0.000000 2.750000 0.150000 0.006084 
0.120000 30.000000 0.000000 2.750000 0.150000 0.006012 
0.120000 30.000000 0.000000 2.750000 0.150000 0.005970 
0.120000 30.000000 0.000000 2.750000 0.150000 0.005970 
0.120000 30.000000 0.000000 2.750000 0.150000 0.005993 
0.120000 30.000000 0.000000 2.750000 0.150000 0.005983 
0.120000 30.000000 0.000000 2.750000 0.150000 0.005960 
0.120000 30.000000 0.000000 2.750000 0.150000 0.005915 
0.120000 30.000000 0.000000 2.750000 0.150000 0.005941 
0.120000 30.000000 0.000000 2.750000 0.150000 0.005964 
0.120000 30.000000 0.000000 3.000000 0.090000 0.000000 
0.120000 30.000000 0.000000 3.000000 0.090000 0.000000 
0.120000 30.000000 0.000000 3.000000 0.090000 0.000000 
0.120000 30.000000 0.000000 3.000000 0.090000 0.000000 
0.120000 30.000000 0.000000 3.000000 0.090000 0.000000 
0.120000 30.000000 0.000000 3.000000 0.090000 0.000000 
0.120000 30.000000 0.000000 3.000000 0.090000 0.000000 
0.120000 30.000000 0.000000 3.000000 0.090000 0.000000 
0.120000 30.000000 0.000000 3.000000 0.090000 0.000000 
0.120000 30.000000 0.000000 3.000000 0.090000 0.000000 
0.120000 30.000000 0.000000 3.000000 0.120000 0.000000 
0.120000 30.000000 0.000000 3.000000 0.120000 0.000000 
0.120000 30.000000 0.000000 3.000000 0.120000 0.000000 
0.120000 30.000000 0.000000 3.000000 0.120000 0.000000 
0.120000 30.000000 0.000000 3.000000 0.120000 0.000000 
0.120000 30.000000 0.000000 3.000000 0.120000 0.000000 
0.120000 30.000000 0.000000 3.000000 0.120000 0.000000 
0.120000 30.000000 0.000000 3.000000 0.120000 0.000000 
0.120000 30.000000 0.000000 3.000000 0.120000 0.000000 
0.120000 30.000000 0.000000 3.000000 0.120000 0.000000 
0.120000 30.000000 0.000000 3.000000 0.150000 0.000000 
0.120000 30.000000 0.000000 3.000000 0.150000 0.000000 
0.120000 30.000000 0.000000 3.000000 0.150000 0.000000 
0.120000 30.000000 0.000000 3.000000 0.150000 0.000000 
0.120000 30.000000 0.000000 3.000000 0.150000 0.000000 
0.120000 30.000000 0.000000 3.000000 0.150000 0.000000 
0.120000 30.000000 0.000000 3.000000 0.150000 0.000000 
0.120000 30.000000 0.000000 3.000000 0.150000 0.000000 
0.120000 30.000000 0.000000 3.000000 0.150000 0.000000 
0.120000 30.000000 0.000000 3.000000 0.150000 0.000000 
0.120000 40.000000 0.000000 2.500000 0.090000 0.000000 
0.120000 40.000000 0.000000 2.500000 0.090000 0.000000 
0.120000 40.000000 0.000000 2.500000 0.090000 0.000000 
0.120000 40.000000 0.000000 2.500000 0.090000 0.000000 
0.120000 40.000000 0.000000 2.500000 0.090000 0.000000 
0.120000 40.000000 0.000000 2.500000 0.090000 0.000000 
0.120000 40.000000 0.000000 2.500000 0.090000 0.000000 
0.120000 40.000000 0.000000 2.500000 0.090000 0.000000 
0.120000 40.000000 0.000000 2.500000 0.090000 0.000000 
0.120000 40.000000 0.000000 2.500000 0.090000 0.000000 
0.120000 40.000000 0.000000 2.500000 0.120000 0.002607 
0.120000 40.000000 0.000000 2.500000 0.120000 0.002666 
0.120000 40.000000 0.000000 2.500000 0.120000 0.002692 
0.120000 40.000000 0.000000 2.500000 0.120000 0.002669 
0.120000 40.000000 0.000000 2.500000 0.120000 0.002656 
0.120000 40.000000 0.000000 2.500000 0.120000 0.002633 
0.120000 40.000000 0.000000 2.500000 0.120000 0.006152 
0.120000 40.000000 0.000000 2.500000 0.120000 0.008841 
0.120000 40.000000 0.000000 2.500000 0.120000 0.008949 
0.120000 40.000000 0.000000 2.500000 0.120000 0.009115 
0.120000 40.000000 0.000000 2.500000 0.150000 0.063763 
0.120000 40.000000 0.000000 2.500000 0.150000 0.061670 
0.120000 40.000000 0.000000 2.500000 0.150000 0.097493 
0.120000 40.000000 0.000000 2.500000 0.150000 0.097930 
0.120000 40.000000 0.000000 2.500000 0.150000 0.097292 
0.120000 40.000000 0.000000 2.500000 0.150000 0.097620 
0.120000 40.000000 0.000000 2.500000 0.150000 0.097601 
0.120000 40.000000 0.000000 2.500000 0.150000 0.097656 
0.120000 40.000000 0.000000 2.500000 0.150000 0.097725 
0.120000 40.000000 0.000000 2.500000 0.150000 0.097288 
0.120000 40.000000 0.000000 2.750000 0.090000 0.013073 
0.120000 40.000000 0.000000 2.750000 0.090000 0.013285 
0.120000 40.000000 0.000000 2.750000 0.090000 0.013324 
0.120000 40.000000 0.000000 2.750000 0.090000 0.013216 
0.120000 40.000000 0.000000 2.750000 0.090000 0.012956 
0.120000 40.000000 0.000000 2.750000 0.090000 0.012933 
0.120000 40.000000 0.000000 2.750000 0.090000 0.013545 
0.120000 40.000000 0.000000 2.750000 0.090000 0.013512 
0.120000 40.000000 0.000000 2.750000 0.090000 0.013571 
0.120000 40.000000 0.000000 2.750000 0.090000 0.013783 
0.120000 40.000000 0.000000 2.750000 0.120000 0.050394 
0.120000 40.000000 0.000000 2.750000 0.120000 0.054603 
0.120000 40.000000 0.000000 2.750000 0.120000 0.057500 
0.120000 40.000000 0.000000 2.750000 0.120000 0.083437 
0.120000 40.000000 0.000000 2.750000 0.120000 0.083141 
0.120000 40.000000 0.000000 2.750000 0.120000 0.082822 
0.120000 40.000000 0.000000 2.750000 0.120000 0.082992 
0.120000 40.000000 0.000000 2.750000 0.120000 0.082682 
0.120000 40.000000 0.000000 2.750000 0.120000 0.085358 
0.120000 40.000000 0.000000 2.750000 0.120000 0.082669 
0.120000 40.000000 0.000000 2.750000 0.150000 0.061615 
0.120000 40.000000 0.000000 2.750000 0.150000 0.079469 
0.120000 40.000000 0.000000 2.750000 0.150000 0.080020 
0.120000 40.000000 0.000000 2.750000 0.150000 0.079938 
0.120000 40.000000 0.000000 2.750000 0.150000 0.076100 
0.120000 40.000000 0.000000 2.750000 0.150000 0.080153 
0.120000 40.000000 0.000000 2.750000 0.150000 0.079893 
0.120000 40.000000 0.000000 2.750000 0.150000 0.080182 
0.120000 40.000000 0.000000 2.750000 0.150000 0.080299 
0.120000 40.000000 0.000000 2.750000 0.150000 0.079362 
0.120000 40.000000 0.000000 3.000000 0.090000 0.018477 
0.120000 40.000000 0.000000 3.000000 0.090000 0.018434 
0.120000 40.000000 0.000000 3.000000 0.090000 0.018610 
0.120000 40.000000 0.000000 3.000000 0.090000 0.018415 
0.120000 40.000000 0.000000 3.000000 0.090000 0.018460 
0.120000 40.000000 0.000000 3.000000 0.090000 0.018184 
0.120000 40.000000 0.000000 3.000000 0.090000 0.018369 
0.120000 40.000000 0.000000 3.000000 0.090000 0.018330 
0.120000 40.000000 0.000000 3.000000 0.090000 0.018232 
0.120000 40.000000 0.000000 3.000000 0.090000 0.018311 
0.120000 40.000000 0.000000 3.000000 0.120000 0.014769 
0.120000 40.000000 0.000000 3.000000 0.120000 0.014980 
0.120000 40.000000 0.000000 3.000000 0.120000 0.021396 
0.120000 40.000000 0.000000 3.000000 0.120000 0.021152 
0.120000 40.000000 0.000000 3.000000 0.120000 0.021712 
0.120000 40.000000 0.000000 3.000000 0.120000 0.021605 
0.120000 40.000000 0.000000 3.000000 0.120000 0.021169 
0.120000 40.000000 0.000000 3.000000 0.120000 0.021735 
0.120000 40.000000 0.000000 3.000000 0.120000 0.021478 
0.120000 40.000000 0.000000 3.000000 0.120000 0.021074 
0.120000 40.000000 0.000000 3.000000 0.150000 0.023190 
0.120000 40.000000 0.000000 3.000000 0.150000 0.035182 
0.120000 40.000000 0.000000 3.000000 0.150000 0.036514 
0.120000 40.000000 0.000000 3.000000 0.150000 0.035352 
0.120000 40.000000 0.000000 3.000000 0.150000 0.035176 
0.120000 40.000000 0.000000 3.000000 0.150000 0.035247 
0.120000 40.000000 0.000000 3.000000 0.150000 0.034977 
0.120000 40.000000 0.000000 3.000000 0.150000 0.035254 
0.120000 40.000000 0.000000 3.000000 0.150000 0.035124 
0.120000 40.000000 0.000000 3.000000 0.150000 0.036589 
0.120000 50.000000 0.000000 2.500000 0.090000 0.028216 
0.120000 50.000000 0.000000 2.500000 0.090000 0.028812 
0.120000 50.000000 0.000000 2.500000 0.090000 0.028779 
0.120000 50.000000 0.000000 2.500000 0.090000 0.028688 
0.120000 50.000000 0.000000 2.500000 0.090000 0.028477 
0.120000 50.000000 0.000000 2.500000 0.090000 0.028610 
0.120000 50.000000 0.000000 2.500000 0.090000 0.028564 
0.120000 50.000000 0.000000 2.500000 0.090000 0.028691 
0.120000 50.000000 0.000000 2.500000 0.090000 0.028405 
0.120000 50.000000 0.000000 2.500000 0.090000 0.028649 
0.120000 50.000000 0.000000 2.500000 0.120000 0.029193 
0.120000 50.000000 0.000000 2.500000 0.120000 0.029229 
0.120000 50.000000 0.000000 2.500000 0.120000 0.048268 
0.120000 50.000000 0.000000 2.500000 0.120000 0.048005 
0.120000 50.000000 0.000000 2.500000 0.120000 0.048877 
0.120000 50.000000 0.000000 2.500000 0.120000 0.048929 
0.120000 50.000000 0.000000 2.500000 0.120000 0.048831 
0.120000 50.000000 0.000000 2.500000 0.120000 0.048854 
0.120000 50.000000 0.000000 2.500000 0.120000 0.048610 
0.120000 50.000000 0.000000 2.500000 0.120000 0.048695 
0.120000 50.000000 0.000000 2.500000 0.150000 0.052959 
0.120000 50.000000 0.000000 2.500000 0.150000 0.053564 
0.120000 50.000000 0.000000 2.500000 0.150000 0.057790 
0.120000 50.000000 0.000000 2.500000 0.150000 0.062018 
0.120000 50.000000 0.000000 2.500000 0.150000 0.061842 
0.120000 50.000000 0.000000 2.500000 0.150000 0.061787 
0.120000 50.000000 0.000000 2.500000 0.150000 0.061872 
0.120000 50.000000 0.000000 2.500000 0.150000 0.061702 
0.120000 50.000000 0.000000 2.500000 0.150000 0.061683 
0.120000 50.000000 0.000000 2.500000 0.150000 0.061696 
0.120000 50.000000 0.000000 2.750000 0.090000 0.017132 
0.120000 50.000000 0.000000 2.750000 0.090000 0.021523 
0.120000 50.000000 0.000000 2.750000 0.090000 0.021475 
0.120000 50.000000 0.000000 2.750000 0.090000 0.021396 
0.120000 50.000000 0.000000 2.750000 0.090000 0.021540 
0.120000 50.000000 0.000000 2.750000 0.090000 0.021312 
0.120000 50.000000 0.000000 2.750000 0.090000 0.021341 
0.120000 50.000000 0.000000 2.750000 0.090000 0.021471 
0.120000 50.000000 0.000000 2.750000 0.090000 0.047354 
0.120000 50.000000 0.000000 2.750000 0.090000 0.047572 
0.120000 50.000000 0.000000 2.750000 0.120000 0.038932 
0.120000 50.000000 0.000000 2.750000 0.120000 0.038984 
0.120000 50.000000 0.000000 2.750000 0.120000 0.038854 
0.120000 50.000000 0.000000 2.750000 0.120000 0.038818 
0.120000 50.000000 0.000000 2.750000 0.120000 0.039105 
0.120000 50.000000 0.000000 2.750000 0.120000 0.038773 
0.120000 50.000000 0.000000 2.750000 0.120000 0.038835 
0.120000 50.000000 0.000000 2.750000 0.120000 0.038903 
