0.120000 30.000000 0.000000 3.000000 0.150000 0.023281 
0.120000 30.000000 90.000000 3.000000 0.150000 0.022546 
0.120000 30.000000 0.000000 3.000000 0.150000 0.046960 
0.120000 30.000000 90.000000 3.000000 0.150000 0.046540 
0.120000 30.000000 0.000000 3.000000 0.150000 0.052992 
0.120000 30.000000 90.000000 3.000000 0.150000 0.058672 
0.120000 30.000000 0.000000 3.000000 0.150000 0.061631 
0.120000 30.000000 90.000000 3.000000 0.150000 0.062663 
0.120000 30.000000 0.000000 3.000000 0.150000 0.064619 
0.120000 30.000000 90.000000 3.000000 0.150000 0.064443 
0.120000 30.000000 0.000000 3.000000 0.150000 0.064792 
0.120000 30.000000 90.000000 3.000000 0.150000 0.064593 
0.120000 30.000000 0.000000 3.000000 0.150000 0.064902 
0.120000 30.000000 90.000000 3.000000 0.150000 0.064753 
0.120000 30.000000 0.000000 3.000000 0.150000 0.065895 
0.120000 30.000000 90.000000 3.000000 0.150000 0.071745 
0.120000 30.000000 0.000000 3.000000 0.150000 0.071810 
0.120000 30.000000 90.000000 3.000000 0.150000 0.072285 
0.120000 30.000000 0.000000 3.000000 0.150000 0.071729 
0.120000 30.000000 90.000000 3.000000 0.150000 0.072106 
0.120000 30.000000 0.000000 3.000000 0.150000 0.072188 
0.120000 30.000000 90.000000 3.000000 0.150000 0.071891 
0.120000 30.000000 0.000000 3.000000 0.150000 0.072139 
0.120000 30.000000 90.000000 3.000000 0.150000 0.072161 
0.120000 30.000000 0.000000 3.000000 0.150000 0.072337 
0.120000 30.000000 90.000000 3.000000 0.150000 0.072181 
0.120000 30.000000 0.000000 3.250000 0.120000 0.007549 
0.120000 30.000000 90.000000 3.250000 0.120000 0.010498 
0.120000 30.000000 0.000000 3.250000 0.120000 0.020081 
0.120000 30.000000 90.000000 3.250000 0.120000 0.020306 
0.120000 30.000000 0.000000 3.250000 0.120000 0.021133 
0.120000 30.000000 90.000000 3.250000 0.120000 0.020898 
0.120000 30.000000 0.000000 3.250000 0.120000 0.021159 
0.120000 30.000000 90.000000 3.250000 0.120000 0.020788 
0.120000 30.000000 0.000000 3.250000 0.120000 0.021370 
0.120000 30.000000 90.000000 3.250000 0.120000 0.021296 
0.120000 30.000000 0.000000 3.250000 0.120000 0.021237 
0.120000 30.000000 90.000000 3.250000 0.120000 0.021598 
0.120000 30.000000 0.000000 3.250000 0.120000 0.021846 
0.120000 30.000000 90.000000 3.250000 0.120000 0.022155 
0.120000 30.000000 0.000000 3.250000 0.120000 0.021790 
0.120000 30.000000 90.000000 3.250000 0.120000 0.022067 
0.120000 30.000000 0.000000 3.250000 0.120000 0.020465 
0.120000 30.000000 90.000000 3.250000 0.120000 0.020430 
0.120000 30.000000 0.000000 3.250000 0.120000 0.021725 
0.120000 30.000000 90.000000 3.250000 0.120000 0.022119 
0.120000 30.000000 0.000000 3.250000 0.120000 0.021826 
0.120000 30.000000 0.000000 2.750000 0.180000 0.010345 
0.120000 30.000000 90.000000 2.750000 0.180000 0.014961 
0.120000 30.000000 0.000000 2.750000 0.180000 0.015960 
0.120000 30.000000 90.000000 2.750000 0.180000 0.015550 
0.120000 30.000000 0.000000 2.750000 0.180000 0.015550 
0.120000 30.000000 90.000000 2.750000 0.180000 0.015612 
0.120000 30.000000 0.000000 2.750000 0.180000 0.015524 
0.120000 30.000000 90.000000 2.750000 0.180000 0.015524 
0.120000 30.000000 0.000000 2.750000 0.180000 0.015745 
0.120000 30.000000 90.000000 2.750000 0.180000 0.017884 
0.120000 30.000000 0.000000 2.750000 0.180000 0.017770 
0.120000 30.000000 90.000000 2.750000 0.180000 0.017878 
0.120000 30.000000 0.000000 2.750000 0.180000 0.017806 
0.120000 30.000000 90.000000 2.750000 0.180000 0.018005 
0.120000 30.000000 0.000000 2.750000 0.120000 0.023770 
0.120000 30.000000 90.000000 2.750000 0.120000 0.022357 
0.120000 30.000000 0.000000 2.750000 0.120000 0.024570 
0.120000 30.000000 90.000000 2.750000 0.120000 0.024443 
0.120000 30.000000 0.000000 2.750000 0.120000 0.035967 
0.120000 30.000000 90.000000 2.750000 0.120000 0.036113 
0.120000 30.000000 0.000000 2.750000 0.120000 0.035885 
0.120000 30.000000 90.000000 2.750000 0.120000 0.035876 
0.120000 30.000000 0.000000 2.750000 0.120000 0.035817 
0.120000 30.000000 90.000000 2.750000 0.120000 0.035768 
0.120000 30.000000 0.000000 2.750000 0.120000 0.035732 
0.120000 30.000000 0.000000 2.750000 0.180000 0.055052 
0.120000 30.000000 90.000000 2.750000 0.180000 0.080944 
0.120000 30.000000 0.000000 2.750000 0.180000 0.088314 
0.120000 30.000000 90.000000 2.750000 0.180000 0.094238 
0.120000 30.000000 0.000000 2.750000 0.180000 0.106247 
0.120000 30.000000 90.000000 2.750000 0.180000 0.105905 
0.120000 30.000000 0.000000 2.750000 0.180000 0.105290 
0.120000 30.000000 90.000000 2.750000 0.180000 0.107917 
0.120000 30.000000 0.000000 2.750000 0.180000 0.113747 
0.120000 30.000000 90.000000 2.750000 0.180000 0.119785 
0.120000 30.000000 0.000000 2.750000 0.180000 0.120361 
0.120000 30.000000 90.000000 2.750000 0.180000 0.134063 
0.120000 30.000000 0.000000 2.750000 0.180000 0.144082 
0.120000 30.000000 90.000000 2.750000 0.180000 0.144229 
0.120000 30.000000 0.000000 3.000000 0.090000 0.005026 
0.120000 30.000000 90.000000 3.000000 0.090000 0.005068 
0.120000 30.000000 0.000000 3.000000 0.090000 0.005130 
0.120000 30.000000 90.000000 3.000000 0.090000 0.005166 
0.120000 30.000000 0.000000 3.000000 0.120000 0.008903 
0.120000 30.000000 90.000000 3.000000 0.120000 0.012721 
0.120000 30.000000 0.000000 3.000000 0.120000 0.032930 
0.120000 30.000000 90.000000 3.000000 0.120000 0.032764 
0.120000 30.000000 0.000000 3.000000 0.120000 0.032907 
0.120000 30.000000 90.000000 3.000000 0.120000 0.033034 
0.120000 30.000000 0.000000 3.000000 0.120000 0.032965 
0.120000 30.000000 90.000000 3.000000 0.120000 0.032786 
0.120000 30.000000 0.000000 3.000000 0.120000 0.032959 
0.120000 30.000000 90.000000 3.000000 0.120000 0.032829 
0.120000 30.000000 0.000000 3.000000 0.120000 0.032972 
0.120000 30.000000 90.000000 3.000000 0.120000 0.032907 
0.120000 30.000000 0.000000 3.000000 0.120000 0.032839 
0.120000 30.000000 90.000000 3.000000 0.120000 0.032900 
0.120000 30.000000 0.000000 3.000000 0.150000 0.042790 
0.120000 30.000000 90.000000 3.000000 0.150000 0.044964 
0.120000 30.000000 0.000000 3.000000 0.150000 0.048594 
0.120000 30.000000 90.000000 3.000000 0.150000 0.051882 
0.120000 30.000000 0.000000 3.000000 0.150000 0.066156 
0.120000 30.000000 90.000000 3.000000 0.150000 0.066156 
0.120000 30.000000 0.000000 3.000000 0.150000 0.066217 
0.120000 30.000000 90.000000 3.000000 0.150000 0.065973 
0.120000 30.000000 0.000000 3.000000 0.150000 0.067845 
0.120000 30.000000 90.000000 3.000000 0.150000 0.067959 
0.120000 30.000000 0.000000 3.000000 0.150000 0.070648 
0.120000 30.000000 90.000000 3.000000 0.150000 0.070915 
0.120000 30.000000 0.000000 3.000000 0.150000 0.070625 
0.120000 30.000000 90.000000 3.000000 0.150000 0.070618 
0.120000 30.000000 0.000000 3.000000 0.180000 0.084365 
0.120000 30.000000 90.000000 3.000000 0.180000 0.093665 
0.120000 30.000000 0.000000 3.000000 0.180000 0.097581 
0.120000 30.000000 90.000000 3.000000 0.180000 0.097767 
0.120000 30.000000 0.000000 3.000000 0.180000 0.096543 
0.120000 30.000000 90.000000 3.000000 0.180000 0.095394 
0.120000 30.000000 0.000000 3.000000 0.180000 0.095244 
0.120000 30.000000 90.000000 3.000000 0.180000 0.095853 
0.120000 30.000000 0.000000 3.000000 0.180000 0.095104 
0.120000 30.000000 90.000000 3.000000 0.180000 0.094902 
0.120000 30.000000 0.000000 3.000000 0.180000 0.094600 
0.120000 30.000000 90.000000 3.000000 0.180000 0.095140 
0.120000 30.000000 0.000000 3.000000 0.180000 0.103236 
0.120000 30.000000 90.000000 3.000000 0.180000 0.099515 
