0.120000 40.000000 0.000000 2.750000 0.150000 0.047103 
0.120000 40.000000 0.000000 2.750000 0.150000 0.051279 
0.120000 40.000000 0.000000 2.750000 0.150000 0.081807 
0.120000 40.000000 0.000000 2.750000 0.150000 0.081354 
0.120000 40.000000 0.000000 2.750000 0.150000 0.081276 
0.120000 40.000000 0.000000 2.750000 0.150000 0.081081 
0.120000 40.000000 0.000000 2.750000 0.150000 0.083405 
0.120000 40.000000 0.000000 2.750000 0.150000 0.081953 
0.120000 40.000000 0.000000 2.750000 0.150000 0.082783 
0.120000 40.000000 0.000000 2.750000 0.150000 0.082728 
0.120000 40.000000 0.000000 2.750000 0.180000 0.077539 
0.120000 40.000000 0.000000 2.750000 0.180000 0.084749 
0.120000 40.000000 0.000000 2.750000 0.180000 0.091162 
0.120000 40.000000 0.000000 2.750000 0.180000 0.090664 
0.120000 40.000000 0.000000 2.750000 0.180000 0.091211 
0.120000 40.000000 0.000000 2.750000 0.180000 0.091380 
0.120000 40.000000 0.000000 2.750000 0.180000 0.091094 
0.120000 40.000000 0.000000 2.750000 0.180000 0.091270 
0.120000 40.000000 0.000000 2.750000 0.180000 0.094173 
0.120000 40.000000 0.000000 2.750000 0.180000 0.094303  
0.120000 50.000000 0.000000 2.750000 0.150000 0.052852 
0.120000 50.000000 0.000000 2.750000 0.150000 0.057653 
0.120000 50.000000 0.000000 2.750000 0.150000 0.072412 
0.120000 50.000000 0.000000 2.750000 0.150000 0.073063 
0.120000 50.000000 0.000000 2.750000 0.150000 0.073590 
0.120000 50.000000 0.000000 2.750000 0.150000 0.072686 
0.120000 50.000000 0.000000 2.750000 0.150000 0.072406 
0.120000 50.000000 0.000000 2.750000 0.150000 0.073454 
0.120000 50.000000 0.000000 2.750000 0.150000 0.073135 
0.120000 50.000000 0.000000 2.750000 0.150000 0.073324 
0.120000 50.000000 0.000000 2.750000 0.180000 0.046494 
0.120000 50.000000 0.000000 2.750000 0.180000 0.050739 
0.120000 50.000000 0.000000 2.750000 0.180000 0.058451 
0.120000 50.000000 0.000000 2.750000 0.180000 0.058682 
0.120000 50.000000 0.000000 2.750000 0.180000 0.059440 
0.120000 50.000000 0.000000 2.750000 0.180000 0.058822 
0.120000 50.000000 0.000000 2.750000 0.180000 0.059886 
0.120000 50.000000 0.000000 2.750000 0.180000 0.059697 
0.120000 50.000000 0.000000 2.750000 0.180000 0.058900 
0.120000 50.000000 0.000000 2.750000 0.180000 0.058623 

0.120000 60.000000 0.000000 2.500000 0.120000 0.049336 
0.120000 60.000000 0.000000 2.500000 0.120000 0.048981 
0.120000 60.000000 0.000000 2.500000 0.120000 0.075007 
0.120000 60.000000 0.000000 2.500000 0.120000 0.075951 
0.120000 60.000000 0.000000 2.500000 0.120000 0.073721 
0.120000 60.000000 0.000000 2.500000 0.120000 0.075247 
0.120000 60.000000 0.000000 2.500000 0.120000 0.074333 
0.120000 60.000000 0.000000 2.500000 0.120000 0.074349 
0.120000 60.000000 0.000000 2.500000 0.120000 0.074857 
0.120000 60.000000 0.000000 2.500000 0.120000 0.074733 
0.120000 10.000000 0.000000 2.500000 0.120000 0.000133 
0.120000 10.000000 0.000000 2.500000 0.120000 0.000146 
0.120000 10.000000 0.000000 2.500000 0.120000 0.000150 
0.120000 10.000000 0.000000 2.500000 0.120000 0.000127 
0.120000 10.000000 0.000000 2.500000 0.120000 0.000114 
0.120000 10.000000 0.000000 2.500000 0.120000 0.000143 
0.120000 10.000000 0.000000 2.500000 0.120000 0.000140 
0.120000 20.000000 0.000000 2.500000 0.120000 0.000117 
0.120000 20.000000 0.000000 2.500000 0.120000 0.000104 
0.120000 20.000000 0.000000 2.500000 0.120000 0.000091 
0.120000 20.000000 0.000000 2.500000 0.120000 0.000143 
0.120000 20.000000 0.000000 2.500000 0.120000 0.000107 
0.120000 20.000000 0.000000 2.500000 0.120000 0.000111 
0.120000 20.000000 0.000000 2.500000 0.120000 0.000124 
0.120000 20.000000 0.000000 2.500000 0.120000 0.000130 
0.120000 20.000000 0.000000 2.500000 0.120000 0.000075 
0.120000 20.000000 0.000000 2.500000 0.120000 0.000127 
0.120000 20.000000 0.000000 2.500000 0.150000 0.010355 
0.120000 20.000000 0.000000 2.500000 0.150000 0.026045 
0.120000 20.000000 0.000000 2.500000 0.150000 0.028711 
0.120000 20.000000 0.000000 2.500000 0.150000 0.031390 
0.120000 20.000000 0.000000 2.500000 0.150000 0.034427 
0.120000 20.000000 0.000000 2.500000 0.150000 0.038057 
0.120000 20.000000 0.000000 2.500000 0.150000 0.037988 
0.120000 20.000000 0.000000 2.500000 0.150000 0.038099 
0.120000 20.000000 0.000000 2.500000 0.150000 0.037689 
0.120000 20.000000 0.000000 2.500000 0.150000 0.038096 
0.120000 20.000000 0.000000 2.500000 0.180000 0.025218 
0.120000 20.000000 0.000000 2.500000 0.180000 0.028320 
0.120000 20.000000 0.000000 2.500000 0.180000 0.033730 
0.120000 20.000000 0.000000 2.500000 0.180000 0.041025 
0.120000 20.000000 0.000000 2.500000 0.180000 0.040335 
0.120000 20.000000 0.000000 2.500000 0.180000 0.040602 
0.120000 20.000000 0.000000 2.500000 0.180000 0.040739 
0.120000 20.000000 0.000000 2.500000 0.180000 0.040332 
0.120000 20.000000 0.000000 2.500000 0.180000 0.041113 
0.120000 20.000000 0.000000 2.500000 0.180000 0.042334 
0.120000 20.000000 0.000000 2.750000 0.120000 0.005107 
0.120000 20.000000 0.000000 2.750000 0.120000 0.005273 
0.120000 20.000000 0.000000 2.750000 0.120000 0.005140 
0.120000 20.000000 0.000000 2.750000 0.120000 0.005241 
0.120000 20.000000 0.000000 2.750000 0.120000 0.005225 
0.120000 20.000000 0.000000 2.750000 0.120000 0.005283 
0.120000 20.000000 0.000000 2.750000 0.120000 0.005225 
0.120000 20.000000 0.000000 2.750000 0.120000 0.005309 
0.120000 20.000000 0.000000 2.750000 0.120000 0.005238 
0.120000 20.000000 0.000000 2.750000 0.120000 0.005277 
0.120000 20.000000 0.000000 2.750000 0.150000 0.018678 
0.120000 20.000000 0.000000 2.750000 0.150000 0.024909 
0.120000 20.000000 0.000000 2.750000 0.150000 0.025413 
0.120000 20.000000 0.000000 2.750000 0.150000 0.025417 
0.120000 20.000000 0.000000 2.750000 0.150000 0.028138 
0.120000 20.000000 0.000000 2.750000 0.150000 0.027490 
0.120000 20.000000 0.000000 2.750000 0.150000 0.027552 
0.120000 20.000000 0.000000 2.750000 0.150000 0.028327 
0.120000 20.000000 0.000000 2.750000 0.150000 0.032054 
0.120000 20.000000 0.000000 2.750000 0.150000 0.033610 
0.120000 20.000000 0.000000 2.750000 0.180000 0.020921 
0.120000 20.000000 0.000000 2.750000 0.180000 0.029730 
0.120000 20.000000 0.000000 2.750000 0.180000 0.032868 
0.120000 20.000000 0.000000 2.750000 0.180000 0.037210 
0.120000 20.000000 0.000000 2.750000 0.180000 0.037103 
0.120000 20.000000 0.000000 2.750000 0.180000 0.037197 
0.120000 20.000000 0.000000 2.750000 0.180000 0.037161 
0.120000 20.000000 0.000000 2.750000 0.180000 0.037090 
0.120000 20.000000 0.000000 2.750000 0.180000 0.037220 
0.120000 20.000000 0.000000 2.750000 0.180000 0.038164 
0.120000 20.000000 0.000000 3.000000 0.120000 0.000605 
0.120000 20.000000 0.000000 3.000000 0.120000 0.000599 
0.120000 20.000000 0.000000 3.000000 0.120000 0.000596 
0.120000 20.000000 0.000000 3.000000 0.120000 0.000592 
0.120000 20.000000 0.000000 3.000000 0.120000 0.000592 
0.120000 20.000000 0.000000 3.000000 0.120000 0.000596 
0.120000 20.000000 0.000000 3.000000 0.120000 0.000596 
0.120000 20.000000 0.000000 3.000000 0.120000 0.000596 
0.120000 20.000000 0.000000 3.000000 0.120000 0.000586 
0.120000 20.000000 0.000000 3.000000 0.120000 0.000599 
0.120000 20.000000 0.000000 3.000000 0.150000 0.003626 
0.120000 20.000000 0.000000 3.000000 0.150000 0.013926 
0.120000 20.000000 0.000000 3.000000 0.150000 0.034733 
0.120000 20.000000 0.000000 3.000000 0.150000 0.035908 
0.120000 20.000000 0.000000 3.000000 0.150000 0.040716 
0.120000 20.000000 0.000000 3.000000 0.150000 0.039980 
0.120000 20.000000 0.000000 3.000000 0.150000 0.043844 
0.120000 20.000000 0.000000 3.000000 0.150000 0.045156 
0.120000 20.000000 0.000000 3.000000 0.150000 0.052855 
0.120000 20.000000 0.000000 3.000000 0.150000 0.055706 
0.120000 20.000000 0.000000 3.000000 0.180000 0.000098 
0.120000 20.000000 0.000000 3.000000 0.180000 0.000104 
0.120000 20.000000 0.000000 3.000000 0.180000 0.000088 
0.120000 20.000000 0.000000 3.000000 0.180000 0.000091 
0.120000 20.000000 0.000000 3.000000 0.180000 0.000111 
0.120000 20.000000 0.000000 2.750000 0.150000 0.004424 
0.120000 20.000000 0.000000 2.750000 0.150000 0.015146 
0.120000 20.000000 0.000000 2.750000 0.150000 0.026663 
0.120000 20.000000 0.000000 2.750000 0.150000 0.029437 
0.120000 20.000000 0.000000 2.750000 0.150000 0.032438 
0.120000 20.000000 0.000000 2.750000 0.150000 0.032223 
0.120000 20.000000 0.000000 2.750000 0.150000 0.035433 
0.120000 20.000000 0.000000 2.750000 0.150000 0.038415 
0.120000 20.000000 0.000000 2.750000 0.150000 0.043916 
0.120000 20.000000 0.000000 2.750000 0.150000 0.049056 
0.120000 20.000000 0.000000 2.750000 0.180000 0.046426 
0.120000 20.000000 0.000000 2.750000 0.180000 0.050671 
0.120000 20.000000 0.000000 2.750000 0.180000 0.066781 
0.120000 20.000000 0.000000 2.750000 0.180000 0.067826 
0.120000 20.000000 0.000000 2.750000 0.180000 0.081676 
0.120000 20.000000 0.000000 2.750000 0.180000 0.090384 
0.120000 20.000000 0.000000 2.750000 0.180000 0.093555 
0.120000 20.000000 0.000000 2.750000 0.180000 0.092096 
0.120000 20.000000 0.000000 2.750000 0.180000 0.095872 
0.120000 20.000000 0.000000 2.750000 0.180000 0.100501 
